tree
version=v4
num_class=1
num_tree_per_iteration=1
label_index=0
max_feature_idx=8
objective=binary sigmoid:1
feature_names=cur_15 cur_60 vib_15 vib_60 cur_slope vib_slope temp_sd since_to is_oven
feature_infos=[-0.031722222222222221:0.33066666666666666] [-0.016152777777777787:0.24413888888888885] [-0.096166666666666678:1.6658666666666666] [-0.053138888888888874:1.2717833333333337] [-0.028952539859102708:0.095832406377456436] [-0.093364849833147953:0.42947719688542824] [0.49317723459444252:1.6241976651736558] [0.0012499999999999998:1.0738564402294566] none
tree_sizes=1699 1732 1745 1739 1744 1756 1740 1752 1749 1744 1741 1757 1738 1752 1745 1747 1759 1765 1749 1741 1752 1765 1754 1749 1759 1757 1751 1762 1756 1752 1759 1768 1767 1770 1760 1762 1749 1767 1767 1774 1771 1760 1758 1753 1741 1768 1769 1768 1751 1765 1757

Tree=0
num_leaves=15
num_cat=0
split_feature=2 1 2 0 7 6 1 2 7 7 1 7 3 3
split_gain=56151.1 6618.43 70.0267 32.4914 18.1811 12.9785 11.9565 17.7501 10.2024 9.57157 9.23265 8.9157 13.5723 14.6316
threshold=0.15443333333333337 0.0055972222222222335 0.099816666666666692 0.013777777777777805 0.48317712582178368 1.0463033472381189 0.00062499999999998765 0.13631666666666672 0.48728948300259234 0.96569015492572874 -0.00059722222222222023 0.83149287370018354 0.06997916666666669 0.079370833333333349
decision_type=2 2 2 2 2 2 2 2 2 2 2 2 2 2
left_child=2 -2 4 6 -1 -5 -4 11 10 -9 -6 12 -8 -14
right_child=1 -3 3 5 8 -7 7 9 -10 -11 -12 -13 13 -15
leaf_value=-5.5967099740112989 -5.4855056605308619 2.011694072412328 -5.553821156941984 -5.2767337189548398 -5.4175006978761582 -5.560812397320686 -5.577467231665274 -5.2918940397448742 -5.5789292339562566 -5.5589096218253014 -5.5745541176674029 -5.5477835096501114 -5.3351036565146677 -5.5299284255101027
leaf_weight=261.44024966750294 0.34830319695174616 1.7337759137153625 19.895852616988122 0.87462802790105232 0.9520287383347753 0.39087358769029379 1.5828445283696027 0.47601436916738826 271.65714344475418 0.3212129482999444 1.2461514379829157 9.1835942929610592 1.29259186424315 1.9891982581466434
leaf_count=67555 90 448 5141 226 246 101 409 123 70195 83 322 2373 334 514
internal_value=-5.54641 1.1843 -5.58266 -5.51583 -5.5872 -5.33197 -5.52835 -5.49591 -5.57798 -5.34641 -5.4874 -5.51714 -5.46898 -5.4217
internal_weight=573.384 2.08208 571.302 36.0068 535.296 1.2655 34.7413 14.8455 273.855 0.797227 2.19818 14.0482 4.86463 3.28179
internal_count=148160 538 147622 9304 138318 327 8977 3836 70763 206 568 3630 1257 848
is_linear=0
shrinkage=1


Tree=1
num_leaves=15
num_cat=0
split_feature=2 7 7 7 7 1 3 4 7 6 3 3 3 2
split_gain=137.762 44.4263 18.2391 16.9362 21.0623 46.7389 18.0166 17.5142 11.4548 10.9433 14.1546 10.7182 16.1577 26.08
threshold=0.099816666666666692 1.0320104591554202 0.55543190393852326 0.80004166666676413 1.0188485706054866 0.00179166666666665 0.10122500000000002 0.011649054505005562 0.56352348825880727 0.94896937882336896 0.048679166666666669 0.06997916666666669 0.099754166666666685 0.11220000000000005
decision_type=2 2 2 2 2 2 2 2 2 2 2 2 2 2
left_child=2 3 -1 11 7 6 -6 -5 9 10 -4 -2 13 -13
right_child=1 -3 8 4 5 -7 -8 -9 -10 -11 -12 12 -14 -15
leaf_value=-0.048627349012710805 -0.015257600511970374 -0.13617358397147003 0.1965422480228731 -0.020612202046261092 0.015585031139179015 -0.01613989382689425 0.3894283279785426 0.043546856799011963 -0.030997805316416133 -0.021986907708344914 -0.023715554040480286 0.028469212323487099 0.046613222551462608 0.20711017997785519
leaf_weight=287.81467176205479 3.6174472805578253 2.937968279933556 0.82461335230618604 25.871398258721456 0.52319176029413872 2.6012558478396386 0.47898013330996037 16.62189121497795 223.07290476886556 2.5525531496386975 0.89582996000535786 4.0868119574151951 22.670557385776192 3.9887418863363564
leaf_count=77923 917 501 220 5829 136 153 123 324 59514 681 239 1009 290 684
internal_value=-0.0305637 0.0287893 -0.0402094 0.0364106 0.0160324 0.117645 0.299523 0.00490879 -0.0293862 0.0446697 0.115295 0.0625205 0.0718638 0.129803
internal_weight=598.559 83.3982 515.161 80.4603 46.0967 3.60343 1.00217 42.4933 227.346 4.273 1.72044 34.3636 30.7461 8.07555
internal_count=148543 9966 138577 9465 6565 412 259 6153 60654 1140 459 2900 1983 1693
is_linear=0
shrinkage=0.05


Tree=2
num_leaves=15
num_cat=0
split_feature=2 7 7 7 3 7 4 1 3 2 7 6 4 5
split_gain=122.772 45.7919 22.1133 19.3539 16.6666 12.1179 10.9333 10.8051 33.5833 25.8177 15.1952 17.0481 14.2326 10.0413
threshold=0.099816666666666692 1.0320104591554202 0.80004166666676413 0.92044294000155802 0.045345833333333356 0.90793190393873158 0.010715609936967014 0.00038888888888889147 0.094170833333333356 0.11638333333333338 0.56352348825880727 1.0995346632483762 0.0047886540600667387 0.051154616240266966
decision_type=2 2 2 2 2 2 2 2 2 2 2 2 2 2
left_child=4 2 7 5 -1 6 -4 -2 9 12 -11 -12 -9 -5
right_child=1 -3 3 13 -6 -7 -8 8 -10 10 11 -13 -14 -15
leaf_value=-0.048141836166977259 0.00018504563363406514 -0.14434078439451073 -0.040765815859996529 0.0063885747285575391 -0.029130726189715246 -0.11266487212505716 0.046513435592665048 0.00071663874082290673 0.04437306619635184 0.0053149756915532214 0.4001299178658787 -0.0036722636593721028 0.18204229384162321 0.064622182151914995
leaf_weight=293.69997079879977 5.9494859916158012 2.8561355615966013 9.1233284049667436 16.475967527367175 200.89504190976731 2.7584710959345093 4.5900256675668052 2.9308773651719124 23.693362043704838 0.40914210816845287 1.019599941326305 0.27950568450614799 0.7231164292898028 12.817685869522395
leaf_count=82933 1452 481 2271 3563 55557 331 149 693 317 36 185 39 165 197
internal_value=-0.0310287 0.0247706 0.0324426 0.00916175 -0.0404942 -0.0329744 -0.0103766 0.0617801 0.0739666 0.1772 0.299416 0.349442 0.0680055 0.0331613
internal_weight=578.222 83.6267 80.7706 45.7655 494.595 16.4718 13.7134 35.0051 29.0556 5.36224 1.70825 1.29911 3.65399 29.2937
internal_count=148369 9879 9398 6511 138490 2751 2420 2887 1435 1118 260 224 858 3760
is_linear=0
shrinkage=0.05


Tree=3
num_leaves=15
num_cat=0
split_feature=2 7 7 7 1 3 4 7 0 3 2 1 7 0
split_gain=118.595 40.4921 26.9906 22.6805 28.437 22.8356 19.4126 18.4116 14.9781 17.875 37.9945 20.6921 14.9155 13.2699
threshold=0.099816666666666692 0.80004166666676413 1.0320104591554202 1.0188485706054866 0.00179166666666665 0.10122500000000002 0.012034668149796075 0.48317712582178368 -0.0042777777777777614 0.099754166666666685 0.11420000000000001 0.00062499999999998765 0.56352348825880727 0.0040000000000000304
decision_type=2 2 2 2 2 2 2 2 2 2 2 2 2 2
left_child=7 8 3 6 5 -5 -3 -1 -2 10 -10 -12 -13 -14
right_child=1 2 -4 4 -6 -7 -8 -9 9 -11 11 12 13 -15
leaf_value=-0.049947787159726115 -0.027142466055753735 -0.031721972757599935 -0.1346679075594758 -0.017431744068927679 0.00085539656063269545 0.32746258045749921 0.038372861076062248 -0.029941160349987773 0.035013076141123915 0.048056862188441005 0.021613657471831502 0.041349931757366051 0.062741416370960104 0.41591173062138237
leaf_weight=226.07851910265163 3.3430772409774354 25.963470343966037 2.6741732819937161 0.53199264453723916 2.8791432587895542 0.72146542370319366 14.606833159923552 248.57015943899751 5.4557525031268614 21.054595422931015 1.0909956484101715 0.81646593776531551 0.77159050945192564 1.1990055772475896
leaf_count=67454 794 5826 487 135 166 125 296 70879 1304 262 239 49 119 142
internal_value=-0.0300155 0.0256143 -0.00435993 0.00621126 0.105274 0.238305 -0.0061692 -0.0395554 0.0666277 0.0774795 0.132776 0.23494 0.290688 0.345299
internal_weight=555.757 81.1086 47.3771 44.7029 4.1326 1.25346 40.5703 474.649 33.7315 30.3884 9.33381 3.87806 2.78706 1.9706
internal_count=148277 9944 7035 6548 426 260 6122 138333 2909 2115 1853 549 310 261
is_linear=0
shrinkage=0.05


Tree=4
num_leaves=15
num_cat=0
split_feature=0 3 7 5 7 7 1 6 7 7 1 3 6 3
split_gain=91.6249 41.6122 23.2153 21.0871 14.3851 61.1205 37.3686 17.6882 9.55414 23.8146 32.0402 28.9414 11.0492 9.12266
threshold=0.019944444444444438 0.061904166666666677 1.0274271258220833 0.047280867630700794 1.0188485706054866 1.0274271258220833 0.00179166666666665 1.0871395076160848 0.83553948300273928 0.82778088850943388 0.0006527777777777902 0.076712500000000003 0.92266522157852304 0.097212500000000021
decision_type=2 2 2 2 2 2 2 2 2 2 2 2 2 2
left_child=1 -1 13 4 8 6 7 -6 9 -3 -11 12 -12 -2
right_child=2 3 -4 -5 5 -7 -8 -9 -10 10 11 -13 -14 -15
leaf_value=-0.044316036569200051 0.12430930403444762 -0.013157532449162982 -0.097689216967692394 0.10598494944496624 0.32883989609833225 -0.058995225084285202 -0.038730958652313824 -0.013139413099041481 -0.033793847804814495 -0.030634501085232847 -0.0060608227569988599 -0.017988981021782587 0.42453760377619487 0.040293230063449731
leaf_weight=349.5402370702941 2.9195720376446834 71.373679642798379 1.9636233397759486 2.6827089148573569 1.6384940862189963 5.0611442583613098 0.97250734129920591 0.35427543218247581 61.092488506576046 1.5678119077347212 0.13739586225710798 0.55887901969254017 0.26429089112207294 38.282786530908197
leaf_count=107019 620 19945 28 459 366 1428 213 88 17171 454 40 160 76 422
internal_value=-0.0288747 -0.0349744 0.0403151 -0.0124147 -0.015356 0.0460728 0.195056 0.283967 -0.0193204 -0.00706416 0.119925 0.255948 0.378006 0.049051
internal_weight=538.41 495.244 43.166 145.704 143.021 8.02642 2.96528 1.99277 134.995 73.9021 2.52838 0.960566 0.401687 41.2024
internal_count=148489 147419 1070 40400 39941 2095 667 454 37846 20675 730 276 116 1042
is_linear=0
shrinkage=0.05


Tree=5
num_leaves=15
num_cat=0
split_feature=2 7 7 5 5 5 4 2 2 3 7 4 7 1
split_gain=110.528 53.9198 20.1096 14.2586 14.1971 24.3301 11.5284 17.2457 9.98684 8.94378 9.87564 21.6531 18.848 7.73454
threshold=0.099816666666666692 1.0320104591554202 0.48317712582178368 0.037841490545050059 0.0063142380422691992 0.00057953281423805329 0.012461994809047095 0.15443333333333337 0.060000000000000019 0.039520833333333331 1.0188485706054866 0.003857990359658866 1.0274271258220833 0.0027499999999999964
decision_type=2 2 2 2 2 2 2 2 2 2 2 2 2 2
left_child=2 3 -1 4 5 -2 7 -6 -4 13 -11 -12 -13 -10
right_child=1 -3 8 -5 6 -7 -8 -9 9 10 11 12 -14 -15
leaf_value=-0.049911459860656655 -0.0047101687110448313 -0.14879279633611039 -0.037501577560905809 0.053419707739344319 -0.0061793048323102182 0.1507936794507338 0.090223309495881171 -0.14244521298432111 -0.00093437113562531114 -0.022338286212651451 -0.025341700213914926 0.28867646307691863 -0.019033805227442729 0.14748859787091415
leaf_weight=206.02276605553925 6.0626169922761601 3.2436765730381003 129.31392369768582 42.8920816576574 20.577344161923982 3.2297074908856302 1.5554402864072461 1.6330538375768799 2.0503520518541332 97.821474785218015 3.0332932109013195 0.32849477673880745 0.61144902580417693 0.5186453885398804
leaf_count=67437 1513 494 39598 1668 5223 824 121 53 637 29345 870 80 189 160
internal_value=-0.0286896 0.0254381 -0.0384741 0.0347161 0.00959266 0.0587377 -0.0112186 -0.0219039 -0.0282205 -0.0164739 -0.0190368 0.0503943 0.181878 0.0619593
internal_weight=518.894 79.1939 439.7 75.9502 33.0582 9.29232 23.7658 22.2104 233.678 104.364 101.795 3.97324 0.939944 2.569
internal_count=148212 9896 138316 9402 7734 2337 5397 5276 70879 31281 30484 1139 269 797
is_linear=0
shrinkage=0.05


Tree=6
num_leaves=15
num_cat=0
split_feature=2 7 7 7 7 7 0 0 2 2 6 6 0 2
split_gain=117.586 30.4275 18.7173 19.5233 18.0783 12.0371 10.7761 10.5337 32.6031 34.4362 23.5245 17.1267 11.3817 9.71585
threshold=0.099816666666666692 1.0320104591554202 0.80004166666676413 0.92044294000155802 0.48317712582178368 0.90793190393873158 0.018166666666666678 0.0031666666666666844 0.15443333333333337 0.11220000000000005 0.95526360708748526 1.074250748259644 -0.002277777777777767 0.061816666666666686
decision_type=2 2 2 2 2 2 2 2 2 2 2 2 2 2
left_child=4 2 7 5 -1 -4 13 11 9 -9 -11 -2 -13 -6
right_child=1 -3 3 -5 6 -7 -8 8 -10 10 -12 12 -14 -15
leaf_value=-0.049891587148233475 -0.029516081725936279 -0.11832425696494818 -0.0095428941115174217 0.036440982066267953 -0.038984421780314797 -0.11832425345673439 0.067045483448461812 0.025088112120837808 0.044726941483559962 0.3932621627459254 0.059927473885248529 0.18459971579147771 -0.021412795288225511 -0.017682440205615556
leaf_weight=195.92020116839558 6.2513219183310893 2.4452107762917867 12.673125642118974 28.549479448935017 128.77750369813293 2.2505886047147206 1.9872856927104283 2.3222239827737239 18.682273037731647 1.141931093297899 1.2690066350623963 0.91728057409636676 0.74300001794472315 95.97996682790108
leaf_count=67391 1424 481 2490 3768 40903 331 570 519 221 144 173 214 167 29354
internal_value=-0.0283482 0.0280991 0.0343835 0.0126302 -0.0387063 -0.0323483 -0.028865 0.0632464 0.0795395 0.18518 0.286817 0.0115104 0.119013 -0.0300063
internal_weight=499.91 77.2454 74.8002 43.4732 422.665 14.9237 226.745 31.327 23.4154 4.73316 2.41094 7.9116 1.66028 224.757
internal_count=148150 9932 9451 6589 138218 2821 70827 2862 1057 836 317 1805 381 70257
is_linear=0
shrinkage=0.05


Tree=7
num_leaves=15
num_cat=0
split_feature=2 3 0 1 2 0 0 2 1 6 3 1 3 0
split_gain=97.6335 17.6229 17.5314 28.467 37.0093 17.3334 14.2475 18.7724 13.2665 9.63312 7.55538 17.2992 9.16415 7.00828
threshold=0.099816666666666692 0.044987500000000007 0.004388888888888884 0.0033611111111111142 0.13631666666666672 0.018166666666666678 0.019944444444444438 0.15443333333333337 0.0013333333333333303 1.0508560085446541 0.079370833333333349 0.0015277777777777809 0.06676250000000003 -0.0037222222222222296
decision_type=2 2 2 2 2 2 2 2 2 2 2 2 2 2
left_child=1 -1 10 4 8 -3 7 -5 -4 -7 11 -2 -13 -14
right_child=2 5 3 6 -6 9 -8 -9 -10 -11 -12 12 13 -15
leaf_value=-0.046708858884038099 -0.019617161715649114 -0.027187803307768654 -0.00026108669680912743 0.022006506638967922 0.34227938065321672 -0.0031372549912355879 0.035933718255334549 -0.13205559029142608 0.13230008134926738 0.18840832621756304 -0.025558968835682816 -0.019364476111499558 -0.012517895681948275 0.20071951472021698
leaf_weight=232.04734880127944 5.5444720617961165 173.15139623335563 4.0073695669416329 4.5352818415267384 0.65623393352143455 1.1293731851037581 36.625831740093417 2.2162663971539587 2.5611263905884698 0.46770225604996074 19.212022979045287 0.62794077862054143 0.33176769060082745 1.1922577472869302
leaf_count=82192 1399 55624 973 993 124 307 459 27 554 127 4907 162 73 235
internal_value=-0.0278538 -0.0376422 0.0233433 0.0404217 0.12605 -0.0254053 0.0236409 -0.0390778 0.0620771 0.103904 -0.00907068 0.030294 0.124314 0.167731
internal_weight=484.306 406.796 77.5106 50.6021 7.22473 174.748 43.3774 6.75155 6.5685 1.59708 26.9085 7.69644 2.15197 1.52403
internal_count=148156 138250 9906 3130 1651 56058 1479 1020 1527 434 6776 1869 470 308
is_linear=0
shrinkage=0.05


Tree=8
num_leaves=15
num_cat=0
split_feature=2 7 7 7 4 7 3 3 1 7 7 5 5 2
split_gain=93.1189 41.5083 25.5441 19.7011 14.1746 11.4225 10.4617 13.52 17.0507 10.3119 10.1803 9.8288 8.5307 7.82561
threshold=0.099816666666666692 1.0320104591554202 0.80004166666676413 0.48317712582178368 0.010715609936967014 0.48728948300259234 0.066295833333333373 0.099754166666666685 0.0025000000000000074 0.92044294000155802 0.93267709628238005 0.0036985539488320501 0.0025116796440489433 0.044216666666666703
decision_type=2 2 2 2 2 2 2 2 2 2 2 2 2 2
left_child=3 2 6 -1 9 11 -2 8 -8 -4 -11 -5 -10 -7
right_child=1 -3 4 5 -6 13 7 -9 12 10 -12 -13 -14 -15
leaf_value=-0.049853086763717719 -0.02147881954937959 -0.13211154155977553 -0.053904494339334155 -0.02563118475019063 0.04105392551651757 -0.041452355550315179 0.054975913986706926 0.041385461497128732 -0.013332873021017072 0.094102381174384089 -0.0082149225664565669 0.14834025145854915 0.20614144712428406 -0.020985633425041041
leaf_weight=178.05496544693597 2.7893017379101392 3.1657055970281354 10.171157361241059 1.0450427997857321 16.235820790054277 73.7850028173998 7.0765091737266648 16.967811449430883 0.36004763306118537 1.8631257582455898 15.333539391169323 0.76402463275007892 3.6836835672147572 137.84758298285306
leaf_count=67280 660 499 2647 336 441 25483 1451 281 63 336 3127 241 417 44800
internal_value=-0.0276236 0.0221742 0.0303953 -0.0375315 0.00539576 -0.0270682 0.0644218 0.0733974 0.114798 -0.0164598 0.00743258 0.0744941 0.187831 -0.0282827
internal_weight=469.143 77.6467 74.481 391.497 43.6036 213.442 30.8774 28.0881 11.1202 27.3678 17.1967 1.80907 4.04373 211.633
internal_count=148062 9922 9423 138140 6551 70860 2872 2212 1931 6110 3463 577 480 70283
is_linear=0
shrinkage=0.05


Tree=9
num_leaves=15
num_cat=0
split_feature=2 7 7 0 0 2 2 5 3 6 6 5 4 2
split_gain=86.8797 35.5761 19.0696 17.3865 14.8845 24.5687 24.3575 14.4583 12.5471 11.5142 10.8101 9.84093 7.41312 7.36616
threshold=0.10325000000000005 1.0320104591554202 0.48317712582178368 0.018166666666666678 0.0059999999999999949 0.15443333333333337 0.11220000000000005 0.044464961067853179 0.07621250000000003 1.1206741290277475 0.96036636708419809 -0.0011601779755283763 0.00066740823136816918 0.039050000000000001
decision_type=2 2 2 2 2 2 2 2 2 2 2 2 2 2
left_child=2 4 -1 13 -2 6 -6 -7 -8 11 -5 -10 -13 -4
right_child=1 -3 3 10 5 7 8 -9 9 -11 -12 12 -14 -15
leaf_value=-0.04983364437211843 -0.00066707335353104202 -0.12426110586534925 -0.043611039715437484 -0.025165718310732145 0.00076726274136278724 -0.057337966736367575 0.0018329128038062669 0.039058307240137577 -0.011985153774038177 -0.0149468702400731 0.15184960656570679 0.036132360495339612 0.27137645232615887 -0.022635935577385691
leaf_weight=170.04432856617495 23.991913799196482 2.9225264538545153 60.292218627640978 1.0059214220382267 2.9258947868365777 3.5258786568883798 0.9176046133507042 31.461806152015924 0.31296950974501481 0.42337312130257476 1.2281589685007928 0.73688990040682467 3.0405146081466228 151.63418863015249
leaf_count=67491 5753 438 21772 280 670 52 114 398 68 97 317 125 517 50159
internal_value=-0.0279514 0.0229175 -0.0372891 -0.0271433 0.0310301 0.0481943 0.120631 0.0280207 0.175043 0.203536 0.0890097 0.224644 0.242654 -0.0287801
internal_weight=454.464 70.2594 384.205 214.16 67.3368 43.3449 8.35725 34.9877 5.43135 4.51375 2.23408 4.09037 3.7774 211.926
internal_count=148251 8232 140019 72528 7794 2041 1591 450 921 807 597 710 642 71931
is_linear=0
shrinkage=0.05


Tree=10
num_leaves=15
num_cat=0
split_feature=2 7 7 4 6 7 6 2 0 0 7 2 3 2
split_gain=84.2266 31.8875 20.4337 14.7517 13.0861 12.5797 17.8941 11.1131 23.4385 8.80077 21.056 11.9412 8.33601 7.99794
threshold=0.099816666666666692 1.0320104591554202 0.48317712582178368 0.0084835001853911848 0.82325710257067375 1.0188485706054866 0.917314401830439 0.15443333333333337 0.015111111111111119 0.012055555555555543 0.5676901549254737 0.048100000000000039 0.057679166666666691 0.059083333333333342
decision_type=2 2 2 2 2 2 2 2 2 2 2 2 2 2
left_child=2 3 -1 4 -2 -6 -7 8 -5 13 11 -11 -13 -4
right_child=1 -3 9 7 5 6 -8 -9 -10 10 -12 12 -14 -15
leaf_value=-0.049813158552597707 0.076275091982028198 -0.11570577948228911 -0.038169382734785394 0.03029071449018458 -0.014194853161871596 -0.063002055407048993 0.16013871586888698 0.038229842527867319 0.26035336473712828 -0.0019699250476471852 -0.018557825702370131 0.2458693822416009 -0.011137949984338216 -0.017312837986407953
leaf_weight=162.10722538293339 4.7722603850997976 3.0826784097589544 99.279458712786436 3.3443205761723211 31.689143016468734 0.7358715536538506 1.4799792736303059 30.285918816924095 0.93077679909765709 1.0787460762076073 10.081155282678081 0.68956445017829526 0.28544128709472716 90.36275470093824
leaf_count=67643 978 496 36445 641 6919 77 214 398 105 381 3330 226 93 30273
internal_value=-0.0265656 0.0209773 -0.0365674 0.0282115 0.00665468 -0.00504914 0.0894871 0.0514702 0.12024 -0.0257327 0.0145687 0.130004 0.203085 -0.0283744
internal_weight=440.205 76.3209 363.884 73.2383 38.6773 33.905 2.21585 34.561 4.2751 201.777 12.1349 2.05375 0.975006 189.642
internal_count=148219 9828 138391 9332 8188 7210 291 1144 746 70748 4030 700 319 66718
is_linear=0
shrinkage=0.05


Tree=11
num_leaves=15
num_cat=0
split_feature=2 7 7 7 3 4 1 2 1 4 1 7 6 3
split_gain=88.2116 27.9278 26.1977 18.1609 14.8808 13.4762 15.8127 14.4325 12.6391 10.8726 20.4179 18.5829 10.451 8.67161
threshold=0.099816666666666692 1.0320104591554202 0.48317712582178368 0.80004166666676413 0.06997916666666669 0.011303299962921782 0.0055972222222222335 0.13631666666666672 -0.00090277777777777719 0.002931034482758622 0.0060833333333333425 0.77143190393862293 0.87086209083266464 0.099754166666666685
decision_type=2 2 2 2 2 2 2 2 2 2 2 2 2 2
left_child=2 3 -1 4 -2 6 7 -5 -9 -4 -11 12 -12 -6
right_child=1 -3 9 5 13 -7 -8 8 -10 10 11 -13 -14 -15
leaf_value=-0.049791046611122936 -0.027844341713412737 -0.10718143205809937 -0.030108863786200358 -0.0065033389465880389 0.10317164946867133 0.045618950444976401 -0.076181840378871934 -0.024090818940478785 0.17413432732309023 -0.012757346308941176 -0.016846601329810633 -0.030637618816221679 0.20082985894172417 0.043250247969514828
leaf_weight=153.89113413426094 3.8614784860983482 2.8972572149941689 133.79834238439798 19.596457918174572 11.722445928491654 14.96062320191413 6.1640474940650156 0.92072800779715214 1.2291602313052852 59.188816382549703 0.50583766493946303 1.5696562326047567 1.7895889498759059 16.60195082006976
leaf_count=67477 893 474 48394 5210 1700 382 495 217 247 21193 172 524 588 296
internal_value=-0.0236711 0.0242052 -0.0343504 0.0306193 0.058414 0.00889636 -0.0116849 0.00914238 0.108544 -0.0220889 -0.00486642 0.0937572 0.162305 0.0707222
internal_weight=428.698 77.9541 350.743 75.0569 32.1859 42.871 27.9104 21.7463 2.14989 196.852 63.0539 3.86508 2.29543 28.3244
internal_count=148262 9914 138348 9440 2889 6551 6169 5674 464 70871 22477 1284 760 1996
is_linear=0
shrinkage=0.05


Tree=12
num_leaves=15
num_cat=0
split_feature=2 0 7 5 2 5 2 7 7 0 3 2 0 7
split_gain=76.846 20.5875 27.031 11.6705 10.6668 17.0291 11.2357 17.288 20.6815 16.12 10.1751 8.70419 14.5186 10.3907
threshold=0.061816666666666686 0.0084444444444444367 1.0320104591554202 0.0011729699666295922 0.15443333333333337 0.047280867630700794 0.11220000000000005 0.62384379248844246 0.48317712582178368 0.011111111111111115 0.07621250000000003 0.12525000000000006 0.0040000000000000304 1.0188485706054866
decision_type=2 2 2 2 2 2 2 2 2 2 2 2 2 2
left_child=-1 11 3 -3 6 -6 7 8 -5 -10 -8 13 -13 -2
right_child=1 2 -4 4 5 -7 10 -9 9 -11 -12 12 -14 -15
leaf_value=-0.04192280394872093 -0.017379006667312676 -0.027424137131750511 -0.10649659646074672 -0.028357312664960183 -0.064976622952234817 0.038925069783584787 -0.019922851070053503 -0.0061507154212812548 0.0034258561778030328 0.26098672577047682 0.165335225410425 -0.0069224946631507639 0.1347043665972186 0.050851112123199607
leaf_weight=243.03765530302189 104.23627541866153 5.9920475219842038 2.6489472147077313 1.3026168728247269 3.619295055512338 29.032725293189287 0.64503819029778142 6.9513904345221817 0.86906591593287918 1.2500470988452432 3.6296406690962613 5.208558853599242 1.7015019536484031 4.9380518165417007
leaf_count=104011 34851 1884 137 563 50 400 65 2047 284 345 431 1132 279 1517
internal_value=-0.0238813 0.0017027 0.0263542 0.0347977 0.0430847 0.0258195 0.0774615 0.0421549 0.119487 0.190322 0.138903 -0.0103004 0.0405718 -0.0138594
internal_weight=415.063 172.025 55.9408 53.2919 47.2998 32.652 14.6478 10.3731 3.42173 2.11911 4.27468 116.084 6.91006 109.174
internal_count=147996 43985 6206 6069 4185 450 3735 3239 1192 629 496 37779 1411 36368
is_linear=0
shrinkage=0.05


Tree=13
num_leaves=15
num_cat=0
split_feature=2 7 7 0 0 6 1 3 5 7 7 1 1 1
split_gain=64.6274 23.0428 21.7241 15.9946 15.4224 15.9106 17.3958 16.5321 16.9497 11.9814 10.0769 10.7261 8.90635 8.431
threshold=0.099816666666666692 0.48317712582178368 1.0320104591554202 0.018166666666666678 0.0040000000000000304 0.96166039317664398 0.0016944444444444459 0.080991666666666698 0.0031067853170188833 0.48728948300259234 0.80004166666676413 0.011736111111111124 -0.00059722222222222023 -0.0025277777777777794
decision_type=2 2 2 2 2 2 2 2 2 2 2 2 2 2
left_child=1 -1 4 9 -2 6 7 -6 -9 12 -8 -12 13 -3
right_child=2 3 -4 -5 5 -7 10 8 -10 -11 11 -13 -14 -15
leaf_value=-0.049751654116970648 -0.009451115332341789 -0.014792074269816003 -0.097299562818162932 0.087777219224959901 -0.022200345663881231 0.0084886880210552386 0.0804608475884529 -0.017897558753214495 0.2547589677685001 -0.026015081141197591 -0.049060424961265454 0.043066668238879113 -0.023592221313900649 0.21152390471511953
leaf_weight=140.9112432806287 25.341873571043834 0.41821551090106368 3.040130885783582 2.2625263216905287 0.78649540990591349 24.100577066186816 9.5358619729522633 0.55195770529098842 1.9494390187319366 183.51244406565093 3.8351259843911949 8.2563244667835534 0.88850596430711337 0.33808893151581287
leaf_count=67587 6251 132 493 558 149 1634 301 112 299 69842 522 115 320 103
internal_value=-0.0248137 -0.0344837 0.0161244 -0.0228013 0.0219914 0.0381116 0.0653327 0.159509 0.206666 -0.0246168 0.0445988 0.0123306 0.0822386 0.149211
internal_weight=405.729 328.331 77.3978 187.42 74.3577 49.0158 24.9152 3.28789 2.5014 185.157 21.6273 12.0915 1.64481 0.756304
internal_count=148418 138542 9876 70955 9383 3132 1498 560 411 70397 938 637 555 235
is_linear=0
shrinkage=0.05


Tree=14
num_leaves=15
num_cat=0
split_feature=0 7 7 0 3 7 5 3 7 7 7 7 1 6
split_gain=56.3986 32.4717 23.382 23.988 23.9962 15.4023 13.0059 12.7998 13.5631 20.596 9.77076 30.2456 29.0619 11.0583
threshold=0.018166666666666678 0.55543190393852326 0.5676901549254737 0.004388888888888884 0.05135416666666668 1.0320104591554202 -0.0065600667408231414 0.061904166666666677 0.63595833333330376 0.62384379248844246 1.0188485706054866 1.0274271258220833 0.00179166666666665 1.0287418573324294
decision_type=2 2 2 2 2 2 2 2 2 2 2 2 2 2
left_child=1 -1 3 -3 6 -2 -5 -4 9 -9 -10 12 13 -12
right_child=5 2 7 4 -6 -7 -8 8 10 -11 11 -13 -14 -15
leaf_value=-0.048239704516769337 0.041874225943021509 -0.0035685341640847319 -0.03716541053602735 -0.0092014433841492316 -0.018865428464444788 -0.08476593623725176 0.36132284488894317 -0.0021070382640352293 -0.019356539479290728 0.15936989793021492 0.23606998856250616 -0.05245687088261284 -0.058434346471017806 0.0076857443348046202
leaf_weight=159.83552114060149 33.902933680452406 3.2976205388549706 72.320232943631709 0.22480742097832263 0.69048493402078748 1.6584873143001448 0.45852750842459478 6.2805917824152839 104.10804848698899 1.863354343222454 1.9674727839883406 4.2116852784529328 1.1150452813599256 0.7293986091390251
leaf_count=77571 1573 1242 29602 87 221 20 155 2066 33261 608 281 1449 216 148
internal_value=-0.0255437 -0.0315324 -0.0178202 0.0826071 0.203822 0.0338112 0.306374 -0.0206702 -0.0105272 0.0482278 -0.0151831 0.0351127 0.12266 0.193088
internal_weight=392.664 357.103 197.267 4.67144 1.37382 35.5614 0.683335 192.596 120.276 8.14395 112.132 8.0236 3.81192 2.69687
internal_count=148500 146907 69336 1705 463 1593 242 67631 38029 2674 35355 2094 645 429
is_linear=0
shrinkage=0.05


Tree=15
num_leaves=15
num_cat=0
split_feature=3 7 7 1 3 2 7 7 7 7 1 3 5 7
split_gain=71.2924 23.9016 23.7314 29.8121 24.1461 21.5445 17.3466 25.8457 17.1143 21.9446 17.0889 16.7468 16.3909 14.4929
threshold=0.066295833333333373 0.83553948300273928 0.82778088850943388 0.00043055555555555723 0.082087500000000022 0.10325000000000005 0.92044294000155802 0.92863655344810392 1.0320104591554202 1.0188485706054866 0.00179166666666665 0.090645833333333356 0.047280867630700794 1.0232061496695555
decision_type=2 2 2 2 2 2 2 2 2 2 2 2 2 2
left_child=-1 2 5 -4 -5 -2 -3 11 9 12 13 -8 -9 -11
right_child=1 6 3 4 -6 -7 7 8 -10 10 -12 -13 -14 -15
leaf_value=-0.040338391177231814 -0.0062031682941785533 -0.047256223660060298 -0.026554626585175368 0.37438681982550287 -0.0038529259664423863 0.051588229867293695 0.19884900215624313 -0.032990192623028464 -0.084508504712171861 0.22609467197876254 -0.014014356565855472 0.005903915962123734 0.047807842267544455 0.039925455057456816
leaf_weight=239.50999787263572 36.552995892707258 25.795469334814698 1.1256341068074101 0.53135183104313888 0.55458716419525445 27.596108709229156 1.610971380490809 25.857074840227142 5.4145320642273864 1.3518192193005223 3.0092993115540594 2.0866311949212104 7.2440816690213969 2.8731817365624011
leaf_count=113370 13210 7950 404 152 122 2213 541 7869 1104 188 345 277 185 470
internal_value=-0.0237658 0.00435144 0.0260264 0.159076 0.271977 0.0190682 -0.0148555 0.00264881 -0.00863714 0.00334571 0.0765317 0.114401 -0.0144244 0.131363
internal_weight=381.114 141.604 66.3607 2.21157 1.08594 64.1491 75.2431 49.4476 45.75 40.3355 7.2343 3.6976 33.1012 4.225
internal_count=148400 35030 16101 678 274 15423 18929 10979 10161 9057 1003 818 8054 658
is_linear=0
shrinkage=0.05


Tree=16
num_leaves=15
num_cat=0
split_feature=2 0 7 6 5 2 5 2 0 6 4 6 4 0
split_gain=60.2962 20.4805 24.8879 10.8474 9.92361 10.622 18.5272 16.3781 11.3356 14.3728 9.36447 7.32778 5.68071 7.72908
threshold=0.060000000000000019 0.0087222222222222145 1.0320104591554202 0.65168398303562258 0.0011729699666295922 0.15443333333333337 0.047280867630700794 0.083316666666666706 0.014611111111111106 0.91450849162240899 0.0052938450129773884 0.96927615639768028 0.00037078235076011209 0.00055555555555556477
decision_type=2 2 2 2 2 2 2 2 2 2 2 2 2 2
left_child=-1 3 4 -2 -3 7 -7 -6 9 10 -9 -5 -13 -14
right_child=1 2 -4 11 5 6 -8 8 -10 -11 -12 12 13 -15
leaf_value=-0.041964987715943938 0.1236547405056263 -0.025845714808122561 -0.092177858218447331 -0.027609322013851779 -0.00044789288100606327 -0.068831664838029896 0.038094114190559157 0.19845140612182852 0.18211899781253879 -0.0027850528449203538 0.024190445216163939 -0.015669734825648825 0.047903546024949312 -0.007124215932064009
leaf_weight=201.79055733664427 0.43916230800095846 5.6169474356574929 3.3302706449176176 56.382759160071146 5.0383071595570064 3.8406306889373836 25.513706428930163 1.2105810060165807 2.8641657205298543 4.260862342081964 1.6755101663293315 33.503743583511095 9.7086247018305603 15.254745848826131
leaf_count=101425 147 1899 139 19558 1844 50 401 232 408 976 255 11920 3462 5184
internal_value=-0.0235939 -0.00149361 0.0238533 -0.0133274 0.0332336 0.0411117 0.0222976 0.0741333 0.1083 0.0599933 0.129543 -0.014914 -0.00241286 0.0152977
internal_weight=370.431 168.64 53.351 115.289 50.0207 44.4038 29.3543 15.0494 10.0111 7.14695 2.88609 114.85 58.4671 24.9634
internal_count=147900 46475 6204 40271 6065 4166 451 3715 1871 1463 487 40124 20566 8646
is_linear=0
shrinkage=0.05


Tree=17
num_leaves=15
num_cat=0
split_feature=2 1 0 3 0 5 6 6 6 4 1 3 3 6
split_gain=65.3536 13.4816 13.4582 9.56238 14.1842 9.1801 8.16651 14.8234 7.44184 6.66886 7.58668 23.9324 10.7335 19.0094
threshold=0.061816666666666686 0.0001944444444444462 0.014611111111111106 0.044987500000000007 0.0056666666666666836 -0.015349833147942143 1.000163918856759 1.1061432386997316 0.65168398303562258 -0.0079273266592510307 0.0018333333333333231 0.066295833333333373 0.073262500000000022 0.92266522157852304
decision_type=2 2 2 2 2 2 2 2 2 2 2 2 2 2
left_child=3 2 8 -1 -5 -3 -6 -8 -2 -7 11 -11 13 -13
right_child=1 5 -4 4 6 9 7 -9 -10 10 -12 12 -14 -15
leaf_value=-0.046264314693705622 0.10071609377350457 -0.042530944058723298 0.12469398220704059 -0.035276606975731477 -0.010904996608872897 -0.029515936124311144 0.1148550074753561 -0.033813362919056636 -0.01991722797032074 -0.034188080741409214 0.014427571029129711 -0.022267771973370327 0.053414901171420871 0.23139157792003454
leaf_weight=142.69539531762712 0.32653453084640105 5.5869416393106794 0.71210133354179461 42.824924716725945 7.9287859086180088 5.8121319307247168 3.5468107392080128 2.072888424154371 63.468413791386411 5.2821885356679585 68.756275849300437 0.79684272501617615 10.086790302593725 1.6641164652537552
leaf_count=78245 97 2085 126 19701 3510 1834 1534 897 22666 2224 11766 259 2764 524
internal_value=-0.0202197 0.0033159 -0.0143029 -0.0393515 -0.0213521 0.0149423 0.0220608 0.0631931 -0.0177549 0.0188356 0.0223811 0.0506569 0.086261 0.166556
internal_weight=361.561 162.492 64.507 199.069 56.3734 97.9853 13.5485 5.6197 63.7949 92.3983 86.5862 17.8299 12.5477 2.46096
internal_count=148232 44345 22889 103887 25642 21456 5941 2431 22763 19371 17537 5771 3547 783
is_linear=0
shrinkage=0.05


Tree=18
num_leaves=15
num_cat=0
split_feature=3 7 7 3 1 1 2 7 7 7 7 3 7 7
split_gain=56.7574 20.0115 23.2835 26.5241 22.6295 18.4574 16.4837 14.3899 19.0952 17.6502 16.0729 14.0372 15.7015 35.3789
threshold=0.0658541666666667 0.83553948300273928 0.82778088850943388 0.076712500000000003 0.0055972222222222335 0.0006527777777777902 0.13631666666666672 0.92044294000155802 1.0274271258220833 1.0188485706054866 0.92863655344810392 0.094170833333333356 0.69987500000001779 0.7200948867812712
decision_type=2 2 2 2 2 2 2 2 2 2 2 2 2 2
left_child=-1 2 4 5 6 -4 -2 -3 9 10 -9 12 -6 -14
right_child=1 7 3 -5 11 -7 -8 8 -10 -11 -12 -13 13 -15
leaf_value=-0.038128305209103555 -0.0095657982280264557 -0.044950399230696297 -0.012910940661707952 -0.0019810117929246317 0.0089377560339516608 0.35819722331261833 0.13034607064424639 0.084818996845881553 -0.06827581780228581 0.088881709578786439 -0.012013225175536435 0.031836811094740729 0.37618315873231822 0.034161846611971698
leaf_weight=212.66826413036324 45.709604058647528 25.353207116713747 0.34687458421103601 1.5116989992093293 1.866888857213781 0.46953727165237069 1.2051206310279656 3.9191302552353582 7.3718206170597105 5.6914507178589693 32.266759398626164 13.935175071936101 0.52360105002298984 1.9557475359179077
leaf_count=112722 14574 8102 137 437 400 87 92 820 1471 682 8109 266 90 512
internal_value=-0.0218406 0.00262728 0.0221801 0.151443 0.0153461 0.28022 -0.00332645 -0.0151297 0.000810945 0.0142813 0.000473153 0.0609519 0.130887 0.193751
internal_weight=354.795 142.127 67.5242 2.32811 65.1961 0.816412 46.9147 74.6024 49.2492 41.8773 36.1859 18.2814 4.34624 2.47935
internal_count=148501 35779 16595 661 15934 224 14666 19184 11082 9611 8929 1268 1002 602
is_linear=0
shrinkage=0.05


Tree=19
num_leaves=15
num_cat=0
split_feature=3 7 7 1 3 6 7 7 3 7 6 0 3 7
split_gain=57.5808 15.548 19.494 21.6118 21.1155 19.0317 17.0935 22.6721 21.5437 14.6301 14.3557 13.8702 21.1996 13.4141
threshold=0.061904166666666677 0.83553948300273928 0.82778088850943388 0.00043055555555555723 0.07621250000000003 1.2148658546469593 0.80004166666676413 0.79176103606290738 0.084454166666666705 0.92044294000155802 0.83269923792023604 0.014611111111111106 0.078250000000000028 1.0274271258220833
decision_type=2 2 2 2 2 2 2 2 2 2 2 2 2 2
left_child=-1 2 4 -4 5 -2 7 10 -9 -3 -6 12 -12 -11
right_child=1 9 3 -5 6 -7 -8 8 -10 13 11 -13 -14 -15
leaf_value=-0.03818612777307543 -0.021684199312345543 -0.043469105345171982 -0.026829037729842117 0.21481813372257147 0.11024595481860631 0.12876217015803218 -0.042438747258334887 -0.020886818646314229 0.27161860248954295 0.013183426051728068 0.091897615310377739 0.060174258441585318 -0.042087722149197711 -0.060254299240743041
leaf_weight=192.17346946289763 36.265862583764829 25.189781512832269 1.1510466150939458 1.506383726140484 4.731624424923214 1.2365962620824564 4.8150062554050228 0.70964993629604478 1.0904408320784567 42.683119464665651 2.8697214756393814 11.432351530063897 11.570282860076984 6.25211196031887
leaf_count=107490 13163 8499 446 286 668 466 1495 210 168 9743 870 288 3123 1470
internal_value=-0.0200871 0.00297017 0.0185316 0.131433 0.0128336 -0.013508 0.0390347 0.0520491 0.190027 -0.0133048 0.0381775 0.0213852 -0.0112329 0.00278205
internal_weight=343.677 151.504 77.379 2.65743 74.7215 37.5025 37.2191 32.4041 1.80009 74.125 30.604 25.8724 14.44 48.9352
internal_count=148385 40895 21183 732 20451 13629 6822 5327 378 19712 4949 4281 3993 11213
is_linear=0
shrinkage=0.05


Tree=20
num_leaves=15
num_cat=0
split_feature=2 7 7 1 7 5 1 0 3 2 6 3 6 6
split_gain=62.4768 14.7463 19.693 17.9374 11.2612 11.2534 13.0244 10.4391 10.7074 16.3131 28.0057 11.4345 8.90679 10.181
threshold=0.061816666666666686 1.0320104591554202 1.0188485706054866 0.011736111111111124 1.0274271258220833 -0.0099849833147942161 0.00179166666666665 -0.0042777777777777614 0.11121666666666667 0.11638333333333338 0.90894809089554529 0.080991666666666698 1.0287418573324294 0.91592119308570752
decision_type=2 2 2 2 2 2 2 2 2 2 2 2 2 2
left_child=-1 2 3 7 5 -4 12 -2 9 -9 -11 -12 13 -7
right_child=1 -3 4 -5 -6 6 -8 8 -10 10 11 -13 -14 -15
leaf_value=-0.040618580158764059 -0.031247234413229397 -0.075543271882792931 -0.025157555746219553 0.041373455702584515 -0.019402424246228421 0.042873210977925021 0.0056506947329600671 -0.003196248559334747 -0.066922232874842155 0.13942914553303529 0.076436069658911421 -0.037931817040421117 0.0078630918493062373 0.27249763298601415
leaf_weight=178.51321238232777 30.763667190563865 4.8337663031998082 0.9949364992789923 22.204484374262393 1.9366726742591707 1.1445208294317124 1.5189791682641951 74.569784444756806 4.3233149631414554 4.8238911104854187 2.1504356174264085 6.1431712692137808 0.72207301622256626 1.4741200830321757
leaf_count=103899 12011 1082 158 423 334 114 159 27636 411 576 299 1075 105 106
internal_value=-0.0204496 0.00250719 0.00545198 0.00103857 0.0781162 0.108499 0.135486 -0.00653158 0.00197919 0.00609257 0.0553833 -0.00324379 0.179619 0.211719
internal_weight=336.117 157.604 152.77 144.979 7.7913 5.85463 4.85969 122.774 92.0106 87.6873 13.1175 8.29361 3.34071 2.61864
internal_count=148388 44489 43407 42431 976 642 484 42008 29997 29586 1950 1374 325 220
is_linear=0
shrinkage=0.05


Tree=21
num_leaves=15
num_cat=0
split_feature=2 4 7 7 0 5 7 7 7 3 1 7 0 2
split_gain=48.0413 20.944 16.5543 8.77937 10.8103 8.08875 7.68596 23.6089 17.5488 25.6566 14.0463 10.9239 11.6989 8.07585
threshold=0.060000000000000019 0.0079078605858361167 1.0320104591554202 0.48317712582178368 0.012055555555555543 -0.0021373748609566151 0.55543190393852326 0.63595833333330376 0.62784436939612076 0.071354166666666705 0.0014444444444444531 0.5676901549254737 -0.0026666666666666648 0.15443333333333337
decision_type=2 2 2 2 2 2 2 2 2 2 2 2 2 2
left_child=3 6 5 -1 -5 -3 -2 8 10 -10 -8 -12 -13 -9
right_child=1 2 -4 4 -6 -7 7 13 9 -11 11 12 -14 -15
leaf_value=-0.049535577317928431 -0.04324321463283496 -0.026767218473823764 -0.07449027180672739 -0.031128370784447662 0.0385146615930528 0.045238978492413914 -0.021773416909024023 -0.011005986769313775 -0.022344399517932257 0.30025945759766509 0.19781571821008404 0.1404915919136589 -0.022671635893987047 -0.070539199842365466
leaf_weight=91.95171996334102 15.546087564667685 3.7108062555780625 2.6462711694766758 70.178679953794926 5.206141232745721 35.36037688003853 6.0549649031599966 86.938996363081969 0.80392233561724313 0.56880588363856077 0.61355346534401167 0.57444938737899098 2.9392071978654712 5.1635868477751492
leaf_count=62122 7845 1294 127 37504 2285 3539 2362 29529 309 115 199 225 922 122
internal_value=-0.0204211 -0.000881486 0.0291965 -0.0390947 -0.0258775 0.0379028 -0.0115631 -0.00644411 0.0580017 0.181538 0.0266016 0.0879767 0.0292199 -0.0150654
internal_weight=328.258 160.921 41.7175 167.337 75.3848 39.0712 119.204 103.657 11.5549 1.37273 10.1822 4.12721 3.51366 92.1026
internal_count=148499 46588 4960 101911 39789 4833 41628 33783 4132 424 3708 1346 1147 29651
is_linear=0
shrinkage=0.05


Tree=22
num_leaves=15
num_cat=0
split_feature=3 0 2 7 7 7 3 1 7 1 7 2 7 1
split_gain=48.4163 15.1463 19.2698 14.0745 18.6394 24.8849 56.9404 12.0564 11.4532 11.3043 10.6293 7.3323 10.6888 14.4738
threshold=0.044987500000000007 0.018166666666666678 0.15443333333333337 0.55951045915511277 0.63595833333330376 0.62784436939612076 0.071354166666666705 0.0014444444444444531 1.0435416666669581 0.0049027777777777819 0.56352348825880727 0.062250000000000034 0.55543190393852326 0.0016944444444444459
decision_type=2 2 2 2 2 2 2 2 2 2 2 2 2 2
left_child=11 3 -3 -2 5 7 -7 10 -4 -9 -5 -1 -13 -14
right_child=1 2 8 4 -6 6 -8 9 -10 -11 -12 12 13 -15
leaf_value=-0.046666079938649553 -0.044144053553769116 0.12835930725930642 0.023676916883550125 0.1011417356058447 -0.010837973217886314 -0.03145494017852387 0.35358486830540303 0.098253277677442935 -0.073120641231688238 -0.031449074600571607 -0.035993037747161366 -0.033843548066218296 -0.028152010873818745 0.17445352812939213
leaf_weight=116.34193313296419 24.181990486918949 3.1843339095357832 24.205428771674637 0.65351112326607719 122.34281964029651 1.684581711655482 0.85604894836433221 4.7261168337427071 2.4977348297834387 1.8152055724058298 9.6225824001012352 5.1599238623166448 1.2819280517287555 0.78151713113766152
leaf_count=78289 13206 509 419 280 43786 731 149 1881 10 688 4321 2984 583 283
internal_value=-0.0192838 -0.00375814 0.0284299 -0.00969315 -0.00354577 0.0408095 0.161504 0.0145349 0.0123102 0.0628635 -0.0190758 -0.0436543 0.00463039 0.0804816
internal_weight=319.336 195.77 29.8875 165.883 141.701 19.358 2.54063 16.8174 26.7032 6.54132 10.2761 123.565 7.22337 2.06345
internal_count=148119 65980 938 65042 51836 8050 880 7170 429 2569 4601 82139 3850 866
is_linear=0
shrinkage=0.05


Tree=23
num_leaves=15
num_cat=0
split_feature=7 0 7 7 1 5 7 7 0 7 2 7 6 2
split_gain=47.2457 18.8377 11.222 34.8928 31.681 14.3573 14.263 11.1956 16.5379 10.6927 10.5063 8.94142 9.91042 8.02792
threshold=0.48317712582178368 0.0044444444444444774 0.71601103606284722 0.69987500000001779 0.0032500000000000059 0.047280867630700794 0.63595833333330376 0.61560682159213764 0.012277777777777785 0.48728948300259234 0.060000000000000019 0.61979166666663799 0.98711666258632014 0.11220000000000005
decision_type=2 2 2 2 2 2 2 2 2 2 2 2 2 2
left_child=-1 9 3 6 -5 -6 7 8 -3 -2 -11 12 -9 -4
right_child=1 2 13 4 5 -7 -8 11 -10 10 -12 -13 -14 -15
leaf_value=-0.048025109607970663 0.096509697273262196 -0.025298593348708126 -0.019423647029204287 -0.026107803975508465 0.33719472186373878 0.018330152948558245 -0.038612796946568384 -0.011466064081342521 0.073001880993287957 -0.037211625136145232 -0.0079420592102815973 0.040576591003218955 0.27605639518127734 0.01693219831622042
leaf_weight=93.450834958814085 1.0467919132206578 9.0591790840262636 28.29169390979223 1.0690416352590539 1.0608486670535056 0.57175846653990436 7.5509079569019368 0.29538008151575867 6.5402138801291576 49.481246488518082 79.948882469558157 2.8162076248554513 0.22668019181583077 30.528807934082579
leaf_count=67637 468 4275 11640 359 229 15 2646 113 1102 28382 29231 620 93 1517
internal_value=-0.0184728 -0.00567154 0.0121224 0.0369034 0.180919 0.274905 0.0161675 0.0388509 0.01783 -0.017675 -0.0193313 0.110327 0.212725 -0.000586747
internal_weight=311.938 218.488 88.0107 29.1902 2.70165 1.63261 26.4886 18.9377 15.5994 130.477 129.43 3.33827 0.52206 58.8205
internal_count=148327 80690 22609 9452 603 244 8849 6203 5377 58081 57613 826 206 13157
is_linear=0
shrinkage=0.05


Tree=24
num_leaves=15
num_cat=0
split_feature=2 4 7 7 7 7 1 7 7 2 3 1 3 3
split_gain=46.058 13.6997 12.5148 8.3159 8.06276 14.5698 10.0908 8.37314 12.7791 14.8126 14.4187 9.17718 8.05066 7.99683
threshold=0.060000000000000019 0.0079078605858361167 1.0320104591554202 0.48317712582178368 1.0188485706054866 1.0274271258220833 0.00179166666666665 0.83553948300273928 0.82778088850943388 0.11638333333333338 0.076712500000000003 -0.00015277777777776371 0.095154166666666679 0.068550000000000014
decision_type=2 2 2 2 2 2 2 2 2 2 2 2 2 2
left_child=3 4 -3 -1 7 6 -6 8 9 -2 13 -11 -13 -10
right_child=1 2 -4 -5 5 -7 -8 -9 10 11 -12 12 -14 -15
leaf_value=-0.04944208651484918 -0.01424511635885993 0.032797920082887969 -0.068427031015192763 -0.025050272235659816 0.11667384312865713 -0.044553166125379913 -0.031582766415781331 -0.029649748637383313 -0.012074708549495203 -0.031796590341387508 -0.025903243632447795 0.10731142588497021 -0.025255564564636481 0.22870677275457379
leaf_weight=79.455709556583315 58.868443139246665 37.799831749289297 2.3860843885340719 68.886239412706345 3.7831001927843309 2.6813551205559634 1.0346040183212606 40.168051920947619 0.31681197707075526 1.7164066832046954 1.0672381364274768 4.7320282484870395 1.016356826527044 0.61357597471214831
leaf_count=61964 24463 4817 120 39408 398 1268 181 14046 117 355 347 318 70 105
internal_value=-0.0185057 0.000474539 0.0252721 -0.0383587 -0.00825881 0.0388029 0.0848796 -0.0118362 -0.00108797 -0.00556958 0.0999416 0.0564474 0.0836034 0.182935
internal_weight=304.526 156.184 40.1859 148.342 115.998 7.49906 4.8177 108.499 68.3309 66.3332 1.99763 7.46479 5.74839 0.930388
internal_count=147977 46605 4937 101372 41668 1847 579 39821 25775 25206 569 743 388 222
is_linear=0
shrinkage=0.05


Tree=25
num_leaves=15
num_cat=0
split_feature=2 7 4 7 6 7 7 3 7 7 6 3 0 3
split_gain=43.7243 10.3624 16.3755 11.9464 16.0102 11.56 20.6581 13.093 10.5801 26.6467 12.2495 9.90282 9.31451 8.74161
threshold=0.060000000000000019 1.0274271258220833 0.011303299962921782 1.0188485706054866 0.91592119308570752 0.83553948300273928 0.82778088850943388 0.076712500000000003 0.55951045915511277 0.5676901549254737 1.180989205484926 0.068550000000000014 0.018166666666666678 0.048320833333333334
decision_type=2 2 2 2 2 2 2 2 2 2 2 2 2 2
left_child=12 2 3 5 -5 6 8 11 -2 -10 -11 -8 -1 -14
right_child=1 -3 -4 4 -6 -7 7 -9 9 10 -12 -13 13 -15
leaf_value=-0.039540538659069258 -0.03626536677520556 -0.058646948808987964 0.039853341281281048 -0.039121603178381821 0.11282707514453623 -0.027859951766207369 -0.013147605018496511 -0.0049027259018181247 0.1658513808876344 -0.0052591339352801945 0.084161587839607324 0.24150448538662481 -0.027636136885519327 0.13146182153097538
leaf_weight=141.41692115063779 15.941909659188239 6.1192301886621854 24.210759193287231 2.1030404050834468 3.7077982439659536 44.301189480698667 0.35498859419021689 1.2103944558184592 1.576666663517243 51.504420263576321 3.1314465239411211 0.88506478164345026 1.2290364380460221 0.65235900692641724
leaf_count=100938 8652 1389 1812 211 424 15204 131 386 463 16800 1016 127 621 148
internal_value=-0.0181383 0.000294875 0.00309173 -0.00430489 0.0601646 -0.00793095 0.00411508 0.123636 -0.00157857 0.00872056 0.0012866 0.19528 -0.0379465 0.0540086
internal_weight=298.345 155.047 148.928 124.717 5.81084 118.906 74.6049 2.45045 72.1544 56.2125 54.6359 1.24005 143.298 1.8814
internal_count=148322 46615 45226 43414 635 42779 27575 644 26931 18279 17816 258 101707 769
is_linear=0
shrinkage=0.05


Tree=26
num_leaves=15
num_cat=0
split_feature=3 0 2 5 1 5 7 7 3 7 5 0 7 3
split_gain=47.0676 18.4159 14.851 12.3049 12.3166 11.7995 10.1928 18.3026 14.3712 17.7178 10.1078 9.9519 8.48371 8.02649
threshold=0.048320833333333334 0.01344444444444445 0.15443333333333337 0.040649610678531699 0.00077777777777777448 0.059869855394883188 0.61560682159213764 0.63595833333330376 0.071354166666666705 0.62784436939612076 0.0011729699666295922 0.01033333333333334 0.61979166666663799 0.0658541666666667
decision_type=2 2 2 2 2 2 2 2 2 2 2 2 2 2
left_child=-1 3 10 6 -5 -4 -2 8 12 -10 -3 13 -8 -6
right_child=1 2 5 4 11 -7 7 -9 9 -11 -12 -13 -14 -15
leaf_value=-0.042658683905730826 -0.040809914817179202 0.0053977590242281336 -0.049112683743126717 -0.023691373065797213 -0.017906879222977758 0.026333419304017298 0.098238844617923954 -0.01126839954774163 -0.021639970600092373 0.23543636241913118 0.10934606911202978 -0.040843249551783867 -0.036808446082775073 0.15858081012740738
leaf_weight=113.71752138074953 25.87506609596312 3.5001706995535624 5.8178725023171891 2.7653570686234152 0.55431695608422238 20.827548876404762 0.68592102953698431 103.93700274528237 0.75715700665023167 1.0948183860164133 6.7704646352212876 0.5574628795729949 2.7660159154329449 2.6321288697072305
leaf_count=87540 14232 1164 74 787 192 392 319 40377 228 134 1102 54 1285 304
internal_value=-0.0176688 -0.0016031 0.0293783 -0.00982809 0.0526462 0.00867956 -0.0132025 -0.00635244 0.076488 0.159599 0.0775432 0.10214 0.00606517 0.130935
internal_weight=292.259 178.541 36.9161 141.625 6.50927 26.6454 135.116 109.241 5.30391 1.85198 10.2706 3.74391 3.45194 3.18645
internal_count=148184 60644 2732 57912 1337 466 56575 42343 1966 362 2266 550 1604 496
is_linear=0
shrinkage=0.05


Tree=27
num_leaves=15
num_cat=0
split_feature=2 0 7 2 2 0 5 7 7 7 2 7 0 7
split_gain=45.9841 12.3128 11.7268 10.136 10.2427 13.2914 7.95754 7.34556 7.31454 7.8221 8.87321 12.1447 6.96517 8.96536
threshold=0.060000000000000019 0.0084444444444444367 1.0320104591554202 0.083316666666666706 0.15443333333333337 0.023777777777777762 -0.003140711902113453 0.55543190393852326 0.55951045915511277 0.63595833333330376 0.065550000000000011 0.62784436939612076 0.0035000000000000113 0.63201103606278719
decision_type=2 2 2 2 2 2 2 2 2 2 2 2 2 2
left_child=7 8 3 -3 6 -6 -5 -1 -2 10 -10 -12 -9 -14
right_child=1 2 -4 4 5 -7 -8 12 9 -11 11 -13 13 -15
leaf_value=-0.047614934227828608 -0.042577602445630067 -0.019181284750046206 -0.065926351902788616 -0.028932272104270663 -0.073545097043049831 0.03076243023100907 0.080674002426719654 -0.035827968959617318 0.11446203631065158 -0.0083620412455704847 -0.020231083066815203 0.10392442690736346 0.060301975688446953 -0.017037367133689977
leaf_weight=80.829874107497744 12.324840705376117 8.6875884806504455 2.6281228686857494 1.3612889178330068 2.5679633705876794 21.525117099285126 13.785584630444644 34.088098843349144 1.7348764835624013 79.518606791971251 7.3354544722242263 1.5894803290721027 3.9824141499120769 14.127779197995549
leaf_count=69343 7664 3365 148 465 40 417 2187 21993 765 28546 2680 332 2113 8234
internal_value=-0.0167471 0.00196601 0.0219182 0.0279841 0.0386436 0.017157 0.0696416 -0.0381319 -0.0079913 -0.0028492 0.0354649 0.0101235 -0.0228282 0.00223503
internal_weight=286.087 153.059 50.5557 47.9275 39.24 24.0931 15.1469 133.028 102.503 90.1784 10.6598 8.92493 52.1983 18.1102
internal_count=148292 46609 6622 6474 3109 457 2652 101683 39987 32323 3777 3012 32340 10347
is_linear=0
shrinkage=0.05


Tree=28
num_leaves=15
num_cat=0
split_feature=3 0 7 5 1 7 7 6 1 5 1 3 6 7
split_gain=46.1544 13.2686 15.7018 11.9965 13.4499 10.2919 24.3617 10.6073 11.7307 8.15256 8.98039 8.46014 8.00175 7.29152
threshold=0.044987500000000007 0.011111111111111115 1.0320104591554202 0.040649610678531699 -0.00015277777777776371 0.59537499999997279 0.63201103606278719 1.0287418573324294 -0.0020833333333333246 -0.01617908787541714 0.0041527777777777813 0.077220833333333336 0.7594520136965649 0.62384379248844246
decision_type=2 2 2 2 2 2 2 2 2 2 2 2 2 2
left_child=-1 3 13 5 -5 -2 7 12 -9 -10 11 -11 -7 -3
right_child=1 2 -4 4 -6 6 -8 8 9 10 -12 -13 -14 -15
leaf_value=-0.042905121097965883 -0.040218121016974251 0.070939741110929849 -0.068992787414215703 -0.035276302055215633 0.096449381362879727 0.12587694355346854 -0.011885375946161389 -0.021281579357480453 -0.013598090507311828 0.26177442349568303 -0.012256832741817497 -0.0099384875296924663 -0.0076256175417898121 0.01996592535610598
leaf_weight=96.818359407363459 24.310712564387359 8.4467830539215338 3.3150688977621021 2.3522199012804776 4.4637842306401572 0.42060188052709957 99.477861447434407 0.73794204462319646 0.37229668011423278 1.4044291559839615 0.32267371797934163 0.24448814103379835 4.8825733559206128 33.048851734376512
leaf_count=82272 15388 1535 90 737 668 152 40169 356 182 562 120 46 2241 3521
internal_value=-0.0151586 -0.000389757 0.0229698 -0.00803122 0.0522933 -0.0115114 -0.0047313 0.0723659 0.133565 0.174102 0.202194 0.232944 0.0212532 0.0317672
internal_weight=280.619 183.8 44.8107 138.99 6.816 132.174 107.863 8.385 3.08183 2.34389 1.97159 1.64892 5.30318 41.4956
internal_count=148039 65767 5146 60621 1405 59216 43828 3659 1266 910 728 608 2393 5056
is_linear=0
shrinkage=0.05


Tree=29
num_leaves=15
num_cat=0
split_feature=2 7 7 0 1 3 2 7 7 7 3 3 6 7
split_gain=46.0918 8.96245 21.5657 14.0026 12.5797 9.44928 8.82205 8.35236 11.2587 16.8691 15.5718 13.3637 8.80372 9.88951
threshold=0.060000000000000019 1.0274271258220833 1.0188485706054866 0.019944444444444438 0.0015277777777777809 0.094170833333333356 0.086016666666666727 0.83553948300273928 0.55543190393852326 0.56352348825880727 0.047179166666666689 0.0658541666666667 1.1857651435570318 0.82778088850943388
decision_type=2 2 2 2 2 2 2 2 2 2 2 2 2 2
left_child=-1 2 3 7 -4 6 -5 8 -2 10 -10 -11 13 -13
right_child=1 -3 4 5 -6 -7 -8 -9 9 11 -12 12 -14 -15
leaf_value=-0.03887079371886875 -0.036324039429760362 -0.053369733868313889 0.12449567626560454 -0.02054923028284503 -0.012483991270833305 0.021375254549926885 0.15435238513714047 -0.024233121754491369 0.26112451456069102 -0.028461126213820645 -0.00045202561045367323 0.0079764084413957419 0.10125013447834307 0.09754009573349233
leaf_weight=124.05253461108077 13.524938664748332 5.9404410813585846 4.6917585541959843 0.68794883624650838 2.135576372500509 18.736434265272692 1.7600530304480342 41.938030621386133 0.28538607526570459 17.466211530612782 1.0146239607129244 38.051994033157825 2.3013300630263975 2.3806230013724408
leaf_count=101839 8719 1390 410 104 224 403 82 15673 78 7592 353 10552 608 526
internal_value=-0.0164226 0.00216431 0.00478987 0.000213774 0.0855278 0.0366566 0.113496 -0.00664157 0.00338129 0.0125546 0.145536 0.00735181 0.0223054 0.0154767
internal_weight=274.968 150.915 144.975 138.148 6.82733 21.1844 2.448 116.963 75.0251 61.5002 1.30001 60.2002 42.7339 40.4326
internal_count=148553 46714 45324 44690 634 589 186 44101 28428 19709 431 19278 11686 11078
is_linear=0
shrinkage=0.05


Tree=30
num_leaves=15
num_cat=0
split_feature=7 7 1 3 7 5 7 7 7 7 6 3 6 2
split_gain=37.1677 11.945 12.1377 11.1567 14.8996 10.1362 12.7193 13.3512 29.1921 15.8039 11.0468 10.4933 11.3741 9.91245
threshold=0.48317712582178368 0.48728948300259234 -0.00079166666666665808 0.076712500000000003 0.68394755517598604 -0.01426807563959954 0.63595833333330376 0.55543190393852326 0.5676901549254737 0.59537499999997279 1.0287418573324294 0.05135416666666668 1.0508560085446541 0.092150000000000051
decision_type=2 2 2 2 2 2 2 2 2 2 2 2 2 2
left_child=-1 -2 3 -3 -5 -4 7 -7 11 -10 -11 12 -9 -12
right_child=1 2 5 4 -6 6 -8 8 9 10 13 -13 -14 -15
leaf_value=-0.047350748343829019 0.11190483461786581 -0.039396406482207325 -0.030237486612415401 0.11238639574320991 -0.009968647855721784 -0.010025760950764505 -0.00056450185927194886 0.31982180080059425 -0.044286310800390444 0.0076886040425604187 0.16887317772795141 0.058953135583210359 -0.0097137130161493255 0.0081126431574251485
leaf_weight=69.559886011411436 1.1608239487977687 41.057967754313722 19.135964307497488 1.7664469581795881 23.767372955364408 8.4295106391655299 88.850631792010972 0.75707561546005253 4.2724962680367744 4.5421658605337125 2.1963764810934667 1.7831151670543475 0.24016938218846917 1.5204856179188935
leaf_count=67663 572 24421 10869 501 8762 4429 25807 267 1788 1710 833 403 107 103
internal_value=-0.0161567 -0.00509731 -0.00634016 -0.0235668 0.00241254 0.00248026 0.00825816 0.0399647 0.0664129 0.0272949 0.0651085 0.188865 0.275331 0.118772
internal_weight=269.04 199.481 198.32 66.5918 25.5338 131.728 112.592 23.7414 15.3119 12.5315 8.25903 2.78036 0.997245 3.71686
internal_count=148235 80572 80000 33684 9263 46316 35447 9640 5211 4434 2646 777 374 936
is_linear=0
shrinkage=0.05


Tree=31
num_leaves=15
num_cat=0
split_feature=7 2 7 7 5 4 7 6 5 7 7 4 3 4
split_gain=45.7275 15.4654 15.4889 11.6497 10.6015 10.3984 12.5246 10.9014 8.35448 7.7795 7.82554 7.57265 7.59411 7.03594
threshold=0.48317712582178368 0.024233333333333329 0.48728948300259234 1.0274271258220833 0.047280867630700794 0.00037078235076011209 1.0188485706054866 1.1764676487114152 0.0036985539488320501 0.98151155344814589 0.97741448300285216 0.0020763811642565849 0.064029166666666706 0.0012903225806451665
decision_type=2 2 2 2 2 2 2 2 2 2 2 2 2 2
left_child=-1 -2 8 4 5 -4 7 9 -3 10 11 12 -7 -6
right_child=1 2 3 -5 13 6 -8 -9 -10 -11 -12 -13 -14 -15
leaf_value=-0.048073108692221742 -0.04450764008570568 -0.016115936122075049 -0.013351187871750264 -0.05755499267986474 0.10624963164611095 -0.01352752513569549 0.091206832891994466 0.074941999906464815 0.19263475672222607 -0.052008335548443675 0.11557933633572832 -0.0039774484544535926 0.063051904220327845 0.024242413885420224
leaf_weight=66.15352108242223 16.99894855893217 0.47409258724655845 71.279468504013494 6.7401431440375736 2.2919415021315244 4.4711455762153482 3.7917180379154152 4.5935050293337545 0.64769568631891161 5.0350476374151176 0.62847496732137997 53.380671895807609 8.4130916282301751 18.558308732928708
leaf_count=67559 13244 237 33317 1839 440 2761 404 1819 230 1803 181 20243 3113 682
internal_value=-0.012435 -0.000303871 0.0040861 0.00248183 0.00514674 0.000450612 0.0127135 0.00769769 0.138396 0.0024346 0.00723817 0.00450764 0.0374167 0.037707
internal_weight=263.458 197.304 180.305 179.184 172.443 151.593 80.3137 76.5219 1.12179 71.9284 66.8934 66.2649 12.8842 20.8503
internal_count=147872 80313 67069 66602 64763 63641 30324 29920 467 28101 26298 26117 5874 1122
is_linear=0
shrinkage=0.05


Tree=32
num_leaves=15
num_cat=0
split_feature=7 2 7 7 1 1 2 3 2 6 7 2 5 2
split_gain=36.072 11.8049 8.36805 13.4774 13.5461 10.865 8.1719 7.62493 20.918 7.91488 7.88087 6.48454 6.32352 7.28778
threshold=0.48317712582178368 0.024233333333333329 1.0274271258220833 1.0188485706054866 -0.00081944444444444935 0.00179166666666665 0.027266666666666661 0.040237500000000016 0.050950000000000002 1.0689554302237434 0.89601103606299037 0.07371666666666668 0.0023264738598442699 0.050533333333333368
decision_type=2 2 2 2 2 2 2 2 2 2 2 2 2 2
left_child=-1 -2 3 4 6 -5 -3 8 -6 10 11 -10 -9 -14
right_child=1 2 -4 5 7 -7 -8 12 9 -11 -12 -13 13 -15
leaf_value=-0.047882621756000207 -0.044254249457134749 0.080657112610414763 -0.054112259612286731 0.090261591627138232 -0.010743710961103683 -0.031449055898627121 -0.025794173169067677 -0.012229273233570594 0.25989572299491059 -0.013914121579685707 -0.011225733019572606 -0.0080010250989773681 0.085712620140155682 0.0094758439535418074
leaf_weight=63.191408666141797 16.222330070682801 0.91294412699062277 6.1072221005451857 6.0695054966490707 4.087541344924829 1.9052213608520103 52.415155214024708 36.452614619396627 0.93553361471276708 0.38437523553147901 0.28882289677858342 0.18973397777881473 2.3141208641463882 68.820582423591986
leaf_count=67604 13196 717 1816 630 3116 256 26026 17487 495 215 173 75 1423 14964
internal_value=-0.015325 -0.00469818 -0.000926834 0.00122891 -0.00197094 0.0609198 -0.0225207 0.00779903 0.0588336 0.1643 0.198439 0.232214 0.00449088 0.0131098
internal_weight=260.297 197.106 180.883 174.776 166.801 7.97473 53.3281 113.473 5.88601 1.79847 1.41409 1.12527 107.587 71.1347
internal_count=148193 80589 67393 65577 64691 886 26743 37948 4074 958 743 570 33874 16387
is_linear=0
shrinkage=0.05


Tree=33
num_leaves=15
num_cat=0
split_feature=7 7 4 7 5 5 7 5 1 6 1 4 7 4
split_gain=35.6141 13.3642 12.3687 8.94345 8.7394 8.37099 8.59405 8.11237 7.74944 7.55086 6.98842 15.4169 10.2424 6.96326
threshold=0.48317712582178368 0.48728948300259234 0.00048943270300332888 1.0320104591554202 0.047280867630700794 -0.018216907675194658 1.0188485706054866 0.0036985539488320501 0.0001944444444444462 0.96036636708419809 0.0017361111111111208 0.010453281423804221 0.7200948867812712 0.0093641082684464364
decision_type=2 2 2 2 2 2 2 2 2 2 2 2 2 2
left_child=-1 7 4 5 -3 -4 8 -2 -7 -9 13 12 -12 -10
right_child=1 2 3 -5 -6 6 -8 9 10 -11 11 -13 -14 -15
leaf_value=-0.047257324422546723 -0.018928761298599189 -0.022548424563012679 -0.029995406628433016 -0.06035262377137203 0.061931209915256205 -0.010742836494308695 0.067293732591264435 -0.012816277590323387 0.070725135181930215 0.21408962420906513 0.023675048462591119 0.044705065683116225 -0.035301127313529038 -0.019569794507418106
leaf_weight=60.328229501203168 0.60727138759102561 80.403632560133701 11.429317400325088 3.8953639757237388 2.2381735079106866 30.717753619770519 5.963500175275839 0.34271377325057983 9.3269453819375467 0.51363081124145538 11.330592817161234 18.98122012289241 17.523557853186503 2.2229003263637415
leaf_count=67791 333 41833 6667 775 394 15177 662 103 3809 145 3837 1214 4740 635
internal_value=-0.0140118 -0.00356433 -0.00500838 0.00585616 -0.0195474 0.00878955 0.0136654 0.112201 0.00941628 0.165295 0.0198491 0.0108791 -0.0121248 0.0531722
internal_weight=255.825 195.497 194.033 111.391 82.6418 107.496 96.0665 1.46362 90.103 0.856345 59.3852 47.8354 28.8542 11.5498
internal_count=148115 80324 79743 37516 42227 36741 30074 581 29412 248 14235 9791 8577 4444
is_linear=0
shrinkage=0.05


Tree=34
num_leaves=15
num_cat=0
split_feature=2 7 7 5 5 7 7 1 7 0 7 7 1 0
split_gain=36.2476 20.0811 13.7759 12.2782 14.8347 7.37639 7.03732 12.0287 21.166 13.1353 9.6106 7.45689 6.90804 5.99122
threshold=0.099816666666666692 0.48317712582178368 0.78362500000008439 0.0063142380422691992 0.00057953281423805329 0.96154166666689267 0.71601103606284722 0.0044305555555555704 0.69987500000001779 0.011111111111111115 0.61979166666663799 0.48728948300259234 0.0068611111111111156 0.0031666666666666844
decision_type=2 2 2 2 2 2 2 2 2 2 2 2 2 2
left_child=1 -1 13 4 -4 -6 7 11 9 -9 -11 -3 -10 -2
right_child=2 6 3 -5 5 -7 -8 8 12 10 -12 -13 -14 -15
leaf_value=-0.049169272493106569 0.0077852230576248675 0.076603294034928604 -0.0047453460350854754 -0.011570593145386701 0.025705111660094662 0.18371981145265659 -0.023905412410445113 -0.03372752558490643 0.24790093511181774 0.12778688391341317 -0.026060302132471937 -0.014559919031962992 -0.0093985007593017107 0.061620740031560796
leaf_weight=56.32847187446896 7.5975284351734471 1.3677573057357211 4.7182769854844073 37.151043391699204 1.6339103747159245 1.3484403427864888 69.570572575554252 5.1114293194841558 0.51025268156081516 2.0895425999769945 1.0787640425842253 46.830753966467455 0.22995131148491055 17.610186739941128
leaf_count=67493 1656 532 1480 5151 429 294 38589 2914 173 594 368 27901 56 972
internal_value=-0.0129013 -0.0245686 0.0175107 0.000667251 0.0542518 0.125343 -0.0133401 -0.000303926 0.049635 0.0144946 0.081719 -0.0104685 0.2085 0.0463111
internal_weight=253.177 183.117 70.0594 44.8517 7.70063 2.98235 126.789 57.2185 9.01994 8.27974 3.16831 48.1985 0.740204 25.2077
internal_count=148602 138620 9982 7354 2203 723 71127 32538 4105 3876 962 28433 229 2628
is_linear=0
shrinkage=0.05


Tree=35
num_leaves=15
num_cat=0
split_feature=2 0 3 0 7 7 7 7 2 0 5 1 2 1
split_gain=32.0097 8.81937 8.20435 9.15988 10.6312 12.531 8.079 8.19995 7.66167 6.96597 6.6918 15.856 9.42867 6.75306
threshold=0.061816666666666686 0.0084444444444444367 0.044987500000000007 0.0055555555555555991 0.71601103606284722 0.69987500000001779 0.56352348825880727 0.55543190393852326 0.062716666666666712 -0.00027777777777775084 0.042343159065628473 0.0013333333333333303 0.12525000000000006 -0.0066527777777777722
decision_type=2 2 2 2 2 2 2 2 2 2 2 2 2 2
left_child=2 8 -1 -4 5 -5 7 -3 9 -2 13 -12 -13 -10
right_child=1 6 3 4 -6 -7 -8 -9 10 -11 11 12 -14 -15
leaf_value=-0.044297879921635724 0.12769402063300181 0.030742062008358245 -0.030053992157738896 0.023222690900326474 -0.03932165154353931 0.19081008150085466 0.011364535853007056 0.17322849323103517 0.045844212252248925 -0.022822741435109241 -0.03760778882920348 0.0079227027866810174 0.17271742201995735 -0.016152790513752836
leaf_weight=68.581871891743504 0.96896850189659745 4.4609297186252652 26.475332063622773 6.5011409537401033 3.6453713099472225 0.4531457278644665 43.557127831532853 0.6005049202358349 3.6874024578719391 0.83640138711780199 2.9598836555378503 1.5703185288584793 1.2668620022595858 81.587474718340673
leaf_count=78035 551 1098 19777 3861 1987 185 5133 68 1650 458 1040 399 80 33731
internal_value=-0.0134369 0.00213942 -0.0341212 -0.0146273 0.0231738 0.0567583 0.0191764 0.073437 -0.0068882 0.0746831 -0.00929881 0.0386885 0.107342 -0.0129717
internal_weight=247.153 141.496 105.657 37.075 10.5997 6.95429 48.6186 5.06143 92.8773 1.80537 91.0719 5.79706 2.83718 85.2749
internal_count=148053 44208 103845 25810 6033 4046 6299 1166 37909 1009 36900 1519 479 35381
is_linear=0
shrinkage=0.05


Tree=36
num_leaves=15
num_cat=0
split_feature=7 0 7 7 1 7 1 1 4 3 7 2 2 6
split_gain=31.0479 11.2216 13.4788 19.0403 25.2486 13.4061 11.1499 15.7062 14.8173 9.7842 8.98413 8.65384 7.18107 6.94664
threshold=0.48317712582178368 0.004388888888888884 0.71601103606284722 0.69987500000001779 0.0045138888888888781 0.63595833333330376 0.002361111111111115 0.00027777777777777225 0.011649054505005562 0.085687500000000028 0.88834488678140511 0.13631666666666672 0.15443333333333337 0.8789672957172765
decision_type=2 2 2 2 2 2 2 2 2 2 2 2 2 2
left_child=-1 -2 3 5 -5 13 7 11 12 -6 -9 -4 -8 -3
right_child=1 2 6 4 9 -7 8 10 -10 -11 -12 -13 -14 -15
leaf_value=-0.04651288019043831 -0.014081509190989275 -0.013187053815142166 -0.034589383379120701 -0.012271532542143958 0.27927616957440804 -0.033586362737735055 -0.027145036238207843 0.019797493664962099 0.016908523609496094 0.0093323613910326741 0.12348929730916446 0.085697654473554263 -0.094529327818693915 0.058309241797514282
leaf_weight=52.969428740325384 107.76642756344518 3.9651232362375692 8.5455132951610722 1.605230690329335 1.1189947957172988 7.3704660281073293 16.049934860260695 4.6734870686195773 15.057372223614946 0.48343101004138578 3.6022102161950897 0.7986813102616005 4.9510683919652356 14.112242559669538
leaf_count=67662 57806 1413 3670 469 151 2702 5946 1559 602 16 1332 50 64 4905
internal_value=-0.0130409 -0.00351969 0.0103077 0.0373703 0.136337 0.0202124 -0.00455851 0.0271008 -0.0203426 0.232717 0.0733793 -0.0170173 -0.0466057 0.0427579
internal_weight=243.07 190.1 82.3338 28.6555 3.20766 25.4478 53.6783 17.6199 36.0584 1.60243 8.2757 9.34419 21.001 18.0774
internal_count=148347 80685 22879 9656 636 9020 13223 6611 6612 167 2891 3720 6010 6318
is_linear=0
shrinkage=0.05


Tree=37
num_leaves=15
num_cat=0
split_feature=7 4 5 7 7 3 1 1 0 3 5 3 7 7
split_gain=31.6449 11.544 10.8237 10.5591 14.5409 12.1283 12.8681 11.8872 9.43865 11.7457 11.1185 6.84629 6.71321 8.43405
threshold=0.48317712582178368 0.00037078235076011209 0.047280867630700794 0.63595833333330376 0.59918190393852078 0.066295833333333373 0.0032500000000000059 0.0040138888888888941 0.019944444444444438 0.049054166666666683 0.0036985539488320501 0.053341666666666683 1.0274271258220833 1.0188485706054866
decision_type=2 2 2 2 2 2 2 2 2 2 2 2 2 2
left_child=-1 2 -2 4 8 6 -6 -7 9 10 -3 -5 13 -13
right_child=1 3 -4 11 5 7 -8 -9 -10 -11 -12 12 -14 -15
leaf_value=-0.046179683034811535 -0.020313490459659727 -0.025205000481318397 0.070490247946184137 -0.036627661566360818 -0.037264106071486981 0.19866685708614462 0.11728908325331014 0.014154116408328308 0.082965159555122042 -0.044721808842692334 0.094421289525194463 0.0039044766610675367 -0.050892268939421129 0.06592697283602704
leaf_weight=50.596419540175702 75.860559345019283 3.0234380243346157 2.4641973713878533 10.162423333094919 2.8984967745491299 2.2068072624970232 1.090453481650911 1.4243762255646286 2.4958333426620802 8.3154760649194923 3.1501956838183105 67.701431820285507 4.0060627231432582 4.9809467763407147
leaf_count=67537 41699 2306 415 8138 1583 446 372 108 140 3851 1673 18777 740 355
internal_value=-0.011458 -0.00200749 -0.0166041 0.00830657 0.0365239 0.0894783 0.0200269 0.144974 0.00911226 -0.00814436 0.0404894 -1.2231e-05 0.0052489 0.00899196
internal_weight=240.377 189.781 78.3248 111.456 24.6051 7.62013 3.98895 3.63118 16.9849 14.4891 6.17363 86.8509 76.6884 72.6824
internal_count=148140 80603 42114 38489 10479 2509 1955 554 7970 7830 3979 28010 19872 19132
is_linear=0
shrinkage=0.05


Tree=38
num_leaves=15
num_cat=0
split_feature=7 0 7 5 1 7 5 1 4 7 4 4 3 1
split_gain=33.7231 9.74781 11.7996 8.96999 8.39056 14.3188 13.3062 12.4888 9.2892 9.35969 7.20017 9.43678 7.68672 6.94526
threshold=0.48317712582178368 0.004388888888888884 0.74767770272953904 0.0025116796440489433 0.0030972222222222247 0.88834488678140511 -0.0039354838709677459 0.00027777777777777225 0.011649054505005562 1.0320104591554202 0.0093641082684464364 0.0012291434927697417 0.053341666666666683 0.0045138888888888781
decision_type=2 2 2 2 2 2 2 2 2 2 2 2 2 2
left_child=-1 -2 3 13 5 -4 -7 -8 -6 -10 11 -9 -13 -3
right_child=1 2 4 -5 8 6 7 10 9 -11 -12 12 -14 -15
leaf_value=-0.046186365057115403 -0.0099376903096027851 -0.027257914483930359 -0.021517603226610983 0.052763115339317712 -0.042857975900984613 -0.02436152914336441 0.015596313581289335 0.0064390359117712931 0.03088215865283547 -0.058724954350536665 0.0046680310132511072 -0.010579618185865901 0.23332527017930005 0.048948363068880368
leaf_weight=48.412268160202075 104.81164661070216 7.7549267588183266 9.2529450520523842 22.519789500744082 16.681559288466815 2.8809319272404537 3.4379451941349526 0.76769072446040887 11.564792357617991 2.8167087475012513 0.82273361028637726 0.26784507714910466 1.9947503450966904 3.5410381244146265
leaf_count=67764 57676 4355 3389 4978 4491 1477 1021 262 435 24 203 190 441 1537
internal_value=-0.00940649 0.000202325 0.0127777 0.0351741 -0.00261468 0.0224863 0.0608579 0.0934082 -0.018523 0.0106551 0.145317 0.172871 0.210059 -0.0013309
internal_weight=237.528 189.115 84.3037 33.8158 50.4879 19.4248 10.1719 7.29096 31.0631 14.3815 3.85302 3.03029 2.2626 11.296
internal_count=148243 80479 22803 10870 11933 6983 3594 2117 4950 459 1096 893 631 5892
is_linear=0
shrinkage=0.05


Tree=39
num_leaves=15
num_cat=0
split_feature=7 2 7 5 7 1 1 7 4 3 6 7 6 1
split_gain=34.1136 12.3958 10.2736 10.9894 9.61849 8.38678 7.66719 12.2918 6.74014 8.3608 14.4229 7.95958 11.8524 11.6029
threshold=0.48317712582178368 0.024233333333333329 1.0274271258220833 0.035718020022246957 0.48728948300259234 -0.00059722222222222023 0.0001944444444444462 1.0188485706054866 0.004165739710789769 0.035612500000000019 0.92676005599487554 0.77143190393862293 0.94380734741071837 0.002694444444444449
decision_type=2 2 2 2 2 2 2 2 2 2 2 2 2 2
left_child=-1 -2 3 4 5 -3 7 -6 9 10 -8 12 -10 -14
right_child=1 2 -4 -5 6 -7 8 -9 11 -11 -12 -13 13 -15
leaf_value=-0.047088665302720767 -0.043340067971051631 0.16458021220512706 -0.055477872711352294 0.033254112250771524 -0.020759834871467073 -0.020222581793272215 0.17168522525654861 0.057822445600858467 -0.0032244229061172956 -0.0064433209409144173 -0.02849210677002181 0.00034581572737875398 0.010250154384896737 0.13355972978994096
leaf_weight=46.227317249577027 13.896539629611651 0.63043766922783107 5.9436067093920419 30.468177954433486 56.892441189731471 0.67258995794691034 0.80345506110461373 4.4826756673865011 5.2695090955821815 47.419625776819885 1.320213225437328 12.206713203107936 3.1362639972940087 4.6962177291279659
leaf_count=67756 13229 201 1817 3347 31686 247 607 446 1589 20758 1076 3289 1199 1141
internal_value=-0.00910167 0.000446839 0.0041728 0.00659897 0.00049641 0.101828 -0.00120782 -0.0141854 0.00947991 -0.00135457 0.0779592 0.0299344 0.0555217 0.0909351
internal_weight=234.066 187.838 173.942 167.998 137.53 1.30303 136.227 61.3751 74.852 49.5433 2.12367 25.3087 13.102 7.83248
internal_count=148388 80632 67403 65586 62239 448 61791 32132 29659 22441 1683 7218 3929 2340
is_linear=0
shrinkage=0.05


Tree=40
num_leaves=15
num_cat=0
split_feature=2 0 7 6 7 6 0 0 6 2 6 0 7 7
split_gain=33.8569 7.67627 6.63755 6.14909 6.08703 6.72921 6.0048 7.74043 18.0986 9.74667 9.20705 6.09347 7.11898 11.409
threshold=0.044616666666666693 -0.0038888888888889005 1.0188485706054866 1.0973911613957483 1.0320104591554202 0.65168398303562258 0.023777777777777762 -0.0021666666666666826 1.0067377613553286 0.061816666666666686 1.0523408513219794 0.012055555555555543 0.79590735670276869 0.83553948300273928
decision_type=2 2 2 2 2 2 2 2 2 2 2 2 2 2
left_child=-1 2 3 -2 5 -3 7 8 -7 -10 11 12 -9 -14
right_child=1 4 -4 -5 -6 6 -8 10 9 -11 -12 -13 13 -15
leaf_value=-0.043055189926697872 -0.037383981614098775 0.10786856208341099 0.043947811098716823 0.017405136376555486 -0.054327576435704177 -0.015298068493347078 0.032243095289389116 -0.016168066120294089 -0.023236799740899719 0.13732841612835994 -0.028208150382734623 0.034127633947698834 0.080654089734722545 0.001164601000496027
leaf_weight=63.346407892007846 26.513414934102912 0.63698501634644245 2.7058138893626156 5.6656506538274689 3.1784862803178831 6.3380481732310709 17.303389202919789 33.988602170546073 0.86592635337728996 3.5301477797911502 25.937416553089861 14.213301492331082 4.7250649788184118 21.484058251779061
leaf_count=79612 16508 180 700 3300 817 3379 438 17618 781 1448 10988 2807 1679 8083
internal_value=-0.0122382 -0.000368108 -0.0208913 -0.0275036 0.00516367 0.0070358 0.00570569 0.00132115 0.039756 0.107256 -0.00314187 0.00585366 -0.00127069 0.0179328
internal_weight=230.433 167.086 34.8849 32.1791 132.201 129.023 128.386 111.083 10.7341 4.39607 100.348 74.411 60.1977 26.2091
internal_count=148338 68726 20508 19808 48218 47401 47221 46783 5608 2229 41175 30187 27380 9762
is_linear=0
shrinkage=0.05


Tree=41
num_leaves=15
num_cat=0
split_feature=7 7 1 7 7 3 7 7 3 3 1 3 7 7
split_gain=28.0202 10.4194 9.59522 9.75446 34.2275 27.3796 9.63527 42.6793 13.3234 10.6727 8.99197 7.95754 11.945 32.459
threshold=0.48317712582178368 0.48728948300259234 0.00027777777777777225 0.89601103606299037 0.88834488678140511 0.061475000000000009 0.83553948300273928 0.82778088850943388 0.076712500000000003 0.061904166666666677 0.0063749999999999996 0.076712500000000003 0.80004166666676413 0.79176103606290738
decision_type=2 2 2 2 2 2 2 2 2 2 2 2 2 2
left_child=-1 -2 11 4 6 -6 7 10 9 -9 -4 -3 13 -13
right_child=1 2 3 -5 5 -7 -8 8 -10 -11 -12 12 -14 -15
leaf_value=-0.045032547573375679 0.096587920830276078 -0.029497370603102785 -0.0018512632858650607 -0.014508821489646729 0.37814112285193802 0.0088532874432047919 -0.036881289909691507 -0.010585074040737601 0.0084769977013643694 0.28719419464720142 0.041716975919372096 0.0060561360415545733 -0.014760516027106076 0.25383519173962549
leaf_weight=42.755257702141535 1.7232088738819573 42.705483532336075 48.46335952921072 33.866498366784072 0.1678089951747086 0.96704924129880965 8.1188674774020892 0.26811022218316738 0.82737189286854107 1.2213836594019083 14.639612614177166 6.9891650263452929 22.64196581064607 0.64519961620680977
leaf_count=67476 576 30653 20689 9541 135 369 3686 230 175 129 2624 2435 8937 206
internal_value=-0.00908292 -0.000496157 -0.00194192 0.0074651 0.0174909 0.215008 0.0115992 0.0180805 0.192964 0.250872 0.00874948 -0.015844 0.00374166 0.0539696
internal_weight=226 183.245 181.522 108.54 74.6736 1.13486 73.5387 65.4198 2.31687 1.48949 63.103 72.9818 30.2763 7.63436
internal_count=147861 80385 79809 37578 28037 504 27533 23847 534 359 23313 42231 11578 2641
is_linear=0
shrinkage=0.05


Tree=42
num_leaves=15
num_cat=0
split_feature=2 4 3 5 0 0 5 6 2 6 5 3 0 5
split_gain=27.1026 7.9484 11.7037 10.5057 10.1917 9.29439 13.4775 8.7522 8.19779 7.99953 7.3123 6.74917 8.15969 5.7687
threshold=0.040250000000000036 0.00037078235076011209 0.0658541666666667 0.047280867630700794 0.011111111111111115 0.00055555555555556477 0.01295328142380423 1.0287418573324294 0.1297166666666667 0.86413221162343812 -0.024620133481646257 0.050595833333333347 0.0046666666666666532 -0.025502780867630692
decision_type=2 2 2 2 2 2 2 2 2 2 2 2 2 2
left_child=11 3 4 -2 -3 6 9 -7 -5 -4 -11 -1 -13 -14
right_child=1 2 5 8 -6 7 -8 -9 -10 10 -12 12 13 -15
leaf_value=-0.045779563723462396 -0.016141910864935636 -0.034091379094623016 -0.010498994552615354 -0.011608920434297071 0.03260199992506272 0.02392946240005385 -0.013379882341008776 -0.01621707838052102 0.12993497687415503 -0.02085401664465816 0.12190900700713231 -0.032121590632886311 -0.023294275066332415 0.10471827443570095
leaf_weight=45.956765707756858 64.520994222519221 20.880713103746533 1.522451004217144 1.5838218746939667 6.8754915334284297 43.739359475293895 4.4181752981094169 18.666941465693526 1.2801495004096066 0.7123309870949005 6.8356048048590319 4.5780474460334508 0.86922006425447795 1.5840742350555954
leaf_count=67534 38465 16701 686 540 2658 7642 1426 3829 79 383 2649 4229 598 975
internal_value=-0.00804416 0.00169527 0.0103487 -0.0115721 -0.0170115 0.020446 0.0566339 0.0118545 0.0689125 0.0886797 0.107572 -0.0389304 0.00596188 0.065751
internal_weight=224.024 171.036 103.651 67.385 27.7562 75.8949 13.4886 62.4063 2.86397 9.07039 7.54794 52.9881 7.03134 2.45329
internal_count=148394 75058 35974 39084 19359 16615 5144 11471 619 3718 3032 73336 5802 1573
is_linear=0
shrinkage=0.05


Tree=43
num_leaves=15
num_cat=0
split_feature=7 7 0 0 6 3 2 7 7 7 7 1 0 3
split_gain=27.9987 17.0497 12.2206 11.1546 11.4885 10.4438 8.89017 6.10136 7.77561 8.46303 10.8155 7.62386 7.44296 8.40376
threshold=0.55543190393852326 0.56352348825880727 0.019944444444444438 -0.00033333333333332248 1.0244708152933661 0.032137500000000013 0.042566666666666704 1.0274271258220833 1.0188485706054866 0.98151155344814589 0.97741448300285216 0.00179166666666665 0.011111111111111115 0.10122500000000002
decision_type=2 2 2 2 2 2 2 2 2 2 2 2 2 2
left_child=2 3 -1 -2 6 -3 -5 8 9 10 -7 12 13 -10
right_child=1 5 -4 4 -6 7 -8 -9 11 -11 -12 -13 -14 -15
leaf_value=-0.045390863197479231 -0.02413367924992019 -0.045980837539802824 0.052996791309109573 -0.011889294577118983 -0.017817519515268873 0.0023446532834243625 0.24054784058937706 -0.04590999181005738 -0.017078238468572978 -0.041500317524861122 0.1068638396376595 -0.031835867042498252 0.1582799571806397 0.085005354861587445
leaf_weight=52.641340354050044 0.92913058365229551 11.29052325064549 2.5373767800047053 0.31077217392157663 0.58755917835514981 126.40358086425113 1.0619492556434122 5.3957549027400082 3.4788462661090289 9.8855487128603254 1.5259943458950136 1.8758989488123914 0.87533541442826379 3.0346441138535738
leaf_count=77991 561 12138 385 156 199 50040 245 1710 421 3687 442 253 18 131
internal_value=-0.00947743 0.000807967 -0.0400037 0.104275 0.152731 -0.00163935 0.202474 0.00192225 0.00397521 0.000842134 0.00441058 0.0459581 0.0671493 0.0354663
internal_weight=221.834 166.656 55.1787 2.88941 1.96028 163.766 1.37272 152.476 147.08 137.815 127.93 9.26472 7.38883 6.51349
internal_count=148377 70001 78376 1161 600 68840 401 56702 54992 54169 50482 823 570 552
is_linear=0
shrinkage=0.05


Tree=44
num_leaves=15
num_cat=0
split_feature=7 0 7 7 3 7 0 5 1 6 3 7 2 7
split_gain=23.011 10.9057 8.68579 12.1203 11.1931 11.053 7.93891 5.24559 11.3518 4.74499 6.22921 6.99062 13.1858 11.2984
threshold=0.48317712582178368 0.004388888888888884 0.5676901549254737 0.55543190393852326 0.05135416666666668 0.50354166666664468 0.014611111111111106 0.044464961067853179 0.0013333333333333303 1.058744055800737 0.05532500000000002 0.7200948867812712 0.056833333333333354 0.71192770272951056
decision_type=2 2 2 2 2 2 2 2 2 2 2 2 2 2
left_child=-1 7 3 5 -5 6 -3 -2 -9 10 -4 12 -12 -14
right_child=1 2 9 4 -6 -7 -8 8 -10 -11 11 -13 13 -15
leaf_value=-0.045850530865777214 -0.016764813014791918 -0.0073406943517782125 -0.030808816748853503 0.1969539767812962 0.0064545699585946761 -0.035757208638436386 0.14527409130489935 -0.033948941158727194 0.11316766561938635 -0.018294919262080874 0.14557056438683019 0.0061371261847579664 -0.006392122261596106 0.11203261653415988
leaf_weight=37.70308498229133 95.550069213379174 1.3371764273615538 6.7760961951862546 1.2220060832332822 1.2882209080271421 4.1607828139094636 0.97755027166567732 2.065548745449632 1.470072060707025 17.084996917081298 1.8108247579075385 36.598068565013818 8.6153061591321585 1.5915541127324093
leaf_count=67514 56779 744 4830 253 240 2134 89 618 209 4859 848 7030 1635 147
internal_value=-0.0108614 -0.00334252 0.0101422 0.0538766 0.128881 0.0114501 0.081494 -0.0144195 0.0386849 0.00406057 0.011158 0.0175104 0.0490141 0.0204229
internal_weight=218.251 180.548 81.4626 8.98574 2.51023 6.47551 2.31473 99.0857 3.53562 72.4768 55.3918 48.6158 12.0177 10.2069
internal_count=147929 80415 22809 3460 493 2967 833 57606 827 19349 14490 9660 2630 1782
is_linear=0
shrinkage=0.05


Tree=45
num_leaves=15
num_cat=0
split_feature=7 7 0 3 6 5 6 3 7 7 0 0 1 4
split_gain=23.3709 9.17237 10.0608 7.0984 6.76491 6.06646 5.50519 4.99545 8.40781 10.601 8.74503 8.85443 6.04612 5.66072
threshold=0.48317712582178368 0.48728948300259234 0.0031111111111111057 0.084454166666666705 0.96036636708419809 -0.0052992213570633977 1.0973911613957483 0.058529166666666695 0.63595833333330376 0.59537499999997279 0.00038888888888890166 -0.0076111111111111119 -0.003458333333333325 -0.0073989618094178851
decision_type=2 2 2 2 2 2 2 2 2 2 2 2 2 2
left_child=3 4 7 -1 -2 -4 -6 -3 9 -9 11 -11 -13 -14
right_child=1 2 5 -5 6 -7 -8 8 -10 10 -12 12 13 -15
leaf_value=-0.048639476025643169 -0.020910735674761941 -0.03262580235478079 -0.015808203661870881 0.04879617381759728 0.16867118786049773 0.016040388898663105 -0.01336382023539478 -0.019439338964725668 -0.013494852242157294 -0.020223172223761292 -0.025155028530751983 -0.01292296543102012 -0.010524406749612318 0.19574278392200381
leaf_weight=35.0369491809397 0.71290510625112702 24.813266206299886 17.93873318907572 1.1957407146692265 0.82462216983549275 72.095722997502889 0.35982538084499538 3.8640474443673147 54.791770506097237 0.67535595694789696 0.99993985769106064 0.34584374580299515 0.26534772221930403 1.8460864112712436
leaf_count=67635 252 23639 10550 21 231 16981 115 2382 24962 313 371 139 108 618
internal_value=-0.00814813 -0.000667826 -0.00209552 -0.0441997 0.0875871 0.00959084 0.132568 -0.0140791 -0.00635309 0.0386421 0.086156 0.119176 0.152256 0.17477
internal_weight=215.766 179.533 177.636 36.2327 1.89735 90.0345 1.18445 87.6017 62.7884 7.99662 4.13257 3.13263 2.45728 2.11143
internal_count=148317 80661 80063 67656 598 27531 346 52532 28893 3931 1549 1178 865 726
is_linear=0
shrinkage=0.05


Tree=46
num_leaves=15
num_cat=0
split_feature=7 1 7 3 3 5 7 5 7 3 3 1 5 0
split_gain=24.9659 9.80309 8.02543 11.2002 9.61021 9.37685 8.72094 7.80978 8.51073 6.12748 6.04867 5.6765 11.3383 6.25025
threshold=0.48317712582178368 -0.00079166666666665808 1.0188485706054866 0.10122500000000002 0.10752083333333336 0.0036985539488320501 0.48728948300259234 -0.01426807563959954 1.0274271258220833 0.084454166666666705 0.039162500000000024 -0.00063888888888888036 0.011778642936596218 0.004388888888888884
decision_type=2 2 2 2 2 2 2 2 2 2 2 2 2 2
left_child=9 2 6 -4 5 -5 10 -3 11 -1 -2 12 -9 -13
right_child=1 7 3 4 -6 -7 -8 8 -10 -11 -12 13 -14 -15
leaf_value=-0.048572249117835142 0.15049199010661943 -0.022999742211738301 -0.024896086708171079 0.22307272713003498 -0.0053158318087730243 -0.014648238818331234 -0.025983724122803444 -0.025434648758715525 -0.048329576813460076 0.047967033340614681 -0.018551026765830866 -0.00063040300656056587 0.16105090875988179 0.024534201822108553
leaf_weight=33.399847020336892 0.24669026129413296 15.605520275130401 2.9303414335008702 0.64298756793141387 1.1844735396443864 0.39947404756094329 48.713970164826605 1.0270678406814102 4.3055341241706619 0.95655913278460403 0.58565283915959299 40.304561387049034 0.8766773203969932 62.431190798815805
leaf_count=67676 80 11021 1277 86 136 51 32161 615 976 18 162 20076 333 13666
internal_value=-0.00620424 0.00136214 -0.0161033 0.0384169 0.103626 0.169406 -0.022426 0.00910025 0.0138657 -0.0446037 0.0863383 0.0168581 0.0863309 0.0147509
internal_weight=213.611 179.254 54.7036 5.15728 2.22694 1.04246 49.5463 124.551 108.945 34.3564 0.832343 104.639 1.90375 102.736
internal_count=148334 80640 33953 1550 273 137 32403 46687 35666 67694 242 34690 948 33742
is_linear=0
shrinkage=0.05


Tree=47
num_leaves=15
num_cat=0
split_feature=7 1 6 7 1 0 3 7 7 3 1 7 7 7
split_gain=22.7019 10.2627 10.2858 8.21396 6.70863 7.95837 7.7857 11.3657 8.66585 10.1481 7.49301 7.95069 9.57925 8.17662
threshold=0.48317712582178368 0.00027777777777777225 0.65168398303562258 1.0320104591554202 0.00047222222222221931 0.019944444444444438 0.080991666666666698 0.55543190393852326 0.5676901549254737 0.06997916666666669 0.0023194444444444404 0.69987500000001779 0.83553948300273928 0.82778088850943388
decision_type=2 2 2 2 2 2 2 2 2 2 2 2 2 2
left_child=-1 2 -2 4 -3 6 7 -6 -9 -10 -11 -12 13 -13
right_child=1 3 -4 -5 5 -7 -8 8 9 10 11 12 -14 -15
leaf_value=-0.044747991177939504 0.11444428491123462 0.071980797703215624 -0.017752995469847439 -0.055856944590980499 -0.043684602670751686 0.036491162476153978 -0.019156807129384765 0.094701444735110357 -0.0037865788446800976 0.0009126351160526592 -0.002194080655807095 0.068745486011880894 0.0057240775519712718 0.22345764122202372
leaf_weight=32.789709505770588 0.51688539877068151 3.4995259233401148 68.141324604453985 3.6640907608380067 6.7684691749163894 20.479108040337451 27.266520114673767 2.7794196594622909 28.099720492842607 6.7651632823399295 3.0900546754710367 4.8308788039721531 2.5822993424953893 0.82545343018136907
leaf_count=67985 180 1585 42383 802 4617 748 7338 742 16845 2105 691 1162 1277 65
internal_value=-0.00715391 -6.91361e-05 -0.0151291 0.00932731 0.0120563 0.00936042 0.00231223 0.0129666 0.0215137 0.0151967 0.0433321 0.066535 0.0897604 0.121502
internal_weight=212.099 179.309 68.6582 110.651 106.987 103.487 83.008 55.7415 48.973 46.1936 18.0938 11.3287 8.23863 5.65633
internal_count=148525 80540 42563 37977 37175 35590 34842 27504 22887 22145 5300 3195 2504 1227
is_linear=0
shrinkage=0.05


Tree=48
num_leaves=15
num_cat=0
split_feature=2 5 2 7 7 6 0 6 7 2 7 3 7 0
split_gain=19.4806 7.33182 6.77658 7.67099 17.7904 9.61029 8.08821 7.82666 12.7742 7.80346 7.65509 9.35104 7.42224 7.26506
threshold=0.039050000000000001 0.047280867630700794 0.15443333333333337 0.55543190393852326 0.56352348825880727 1.0244708152933661 -0.00033333333333332248 1.2148658546469593 0.74403088850936705 0.13631666666666672 0.61560682159213764 0.076712500000000003 0.55951045915511277 0.0046666666666666532
decision_type=2 2 2 2 2 2 2 2 2 2 2 2 2 2
left_child=-1 2 3 -2 5 6 -5 9 10 -6 -9 -12 -8 -11
right_child=1 -3 -4 4 7 -7 12 8 -10 13 11 -13 -14 -15
leaf_value=-0.039576903180671558 -0.032456928458350798 0.024420669059469911 -0.055750263242336257 -0.015467158793411959 -0.0076769028390720126 -0.022287648350487209 0.011921524780981714 -0.017964390731649581 -0.021650302567313821 -0.027149473643696333 0.20257936188449543 -0.015928067905256631 0.23352829269019659 0.100746266971141
leaf_weight=42.003771075309487 18.75159940472804 22.019606989750173 5.5300778513774267 0.44631734973518211 109.04264285298996 0.79313537460984651 0.6100332629866887 0.55656435288255979 2.5080721406557132 1.1642549475363915 1.1720497671049086 0.45536277559585858 0.9321415857411921 2.2079824085230939
leaf_count=71216 24235 1612 121 250 47899 276 132 211 1074 318 369 85 124 127
internal_value=-0.00958107 -0.00180838 -0.00595505 -0.0035838 0.00116333 0.107908 0.14992 -0.00226435 0.0549745 -0.00511708 0.122133 0.158647 0.18504 0.0604802
internal_weight=208.194 166.19 144.17 138.64 119.889 2.78163 1.98849 117.107 4.69205 112.415 2.18398 1.62741 1.54217 3.37224
internal_count=148049 76833 75221 75100 50865 782 506 50083 1739 48344 665 454 256 445
is_linear=0
shrinkage=0.05


Tree=49
num_leaves=15
num_cat=0
split_feature=2 7 7 1 7 7 7 7 5 7 7 1 6 7
split_gain=20.2745 4.54843 8.6277 8.22333 7.61942 9.95996 16.5425 10.3848 11.0704 7.52258 13.3654 20.3893 6.93707 6.7228
threshold=0.040250000000000036 0.48317712582178368 0.63595833333330376 -0.0033472222222222128 0.59918190393852078 0.5676901549254737 0.55951045915511277 0.50354166666664468 0.021192992213570645 0.67592770272948199 0.68394755517598604 -0.0025694444444444523 0.96036636708419809 0.60319755517595319
decision_type=2 2 2 2 2 2 2 2 2 2 2 2 2 2
left_child=-1 -2 3 -3 5 6 7 8 -5 -4 11 -11 -10 -6
right_child=1 2 9 4 13 -7 -8 -9 12 10 -12 -13 -14 -15
leaf_value=-0.038363785488941052 -0.031513546194002498 -0.039177024591454744 -0.044940057221237485 -0.016333679695575129 0.15557232294222301 -0.038215481608380439 0.11798243233757165 -0.034497489193241686 -0.0073617583864589928 0.24985008542686687 -0.0027786528820386257 -0.010010904622940048 0.1868058687449263 0.043065724886655533
leaf_weight=41.819713863864308 9.539074059284756 3.5844765439978792 9.1632327183033322 1.9521329257986564 0.95438440627185528 5.5960629539331412 3.3197206352488129 6.5922720294911414 0.5247913100174626 0.33388741448288795 110.54170254024211 1.5714183371746899 0.75026315200375393 9.4242086582235043
leaf_count=73068 17263 2595 4221 1093 328 2526 605 4177 164 199 38190 676 161 2719
internal_value=-0.00772954 0.000274692 0.00243004 0.0248246 0.0337438 0.0133355 0.0364414 0.000517657 0.0632844 -0.00374473 -2.12082e-05 0.105851 0.138781 0.0661746
internal_weight=205.667 163.848 154.309 32.6983 29.1138 18.7352 13.1392 9.81946 3.22719 121.61 112.447 1.90531 1.27505 10.3786
internal_count=147985 74917 57654 14368 11773 8726 6200 5595 1418 43286 39065 875 325 3047
is_linear=0
shrinkage=0.05


Tree=50
num_leaves=15
num_cat=0
split_feature=2 7 7 6 3 7 7 7 7 7 7 3 6 3
split_gain=20.3927 10.2015 9.54533 5.89962 5.72407 5.5249 12.1713 8.74349 23.5593 8.04556 12.9067 8.73594 6.19775 13.1277
threshold=0.024233333333333329 0.48317712582178368 0.48728948300259234 0.96036636708419809 0.084454166666666705 0.55543190393852326 0.63595833333330376 0.67592770272948199 0.68394755517598604 0.61560682159213764 0.5676901549254737 0.046437500000000007 1.0433540083711923 0.080420833333333358
decision_type=2 2 2 2 2 2 2 2 2 2 2 2 2 2
left_child=-1 4 3 -3 -2 -4 9 -8 -9 10 11 -7 13 -11
right_child=1 2 5 -5 -6 6 7 8 -10 12 -12 -13 -14 -15
leaf_value=-0.048050459438100268 -0.046725828871470629 -0.018302901793493816 -0.031527905758046308 0.1359441053618318 0.048052945155727403 0.14422510602425245 -0.045248207765914074 0.13450208654750698 -0.0016871718821305334 -0.019907893033980599 -0.015129312304452136 0.018028886893917784 0.11806952335663673 0.13519957141140859
leaf_weight=24.275538069749018 14.163066458859245 0.57297313038725306 10.417136447736992 1.1403416402172295 0.97156755626201707 1.5634170633857198 9.6512014779727888 2.2648724942118852 115.34208792795835 3.9424692539032531 11.907039929588789 3.687668128462974 3.3401031197281554 0.93701748957391817
leaf_count=48814 32012 205 8048 257 18 406 5027 1033 43147 1627 5913 1099 792 57
internal_value=-0.00599622 -8.72405e-05 0.0036074 0.096626 -0.0380404 0.00204695 0.00452867 -0.00186425 0.00204746 0.0354417 0.0142607 0.072663 0.0733139 0.0278068
internal_weight=204.177 179.901 164.766 1.71331 15.1346 163.053 152.636 127.258 117.607 25.3777 17.1581 5.25109 8.21959 4.87949
internal_count=148455 99641 67611 462 32030 67149 59101 49207 44180 9894 7418 1505 2476 1684
is_linear=0
shrinkage=0.05


end of trees

feature_importances:
since_to=253
vib_60=92
vib_15=85
cur_60=75
cur_15=69
temp_sd=57
vib_slope=52
cur_slope=31

parameters:
[boosting: gbdt]
[objective: binary]
[metric: binary_logloss]
[tree_learner: serial]
[device_type: cpu]
[data_sample_strategy: bagging]
[data: ]
[valid: ]
[num_iterations: 600]
[learning_rate: 0.05]
[num_leaves: 15]
[num_threads: 2]
[seed: 7]
[deterministic: 0]
[force_col_wise: 0]
[force_row_wise: 0]
[histogram_pool_size: -1]
[max_depth: -1]
[min_data_in_leaf: 40]
[min_sum_hessian_in_leaf: 0.001]
[bagging_fraction: 0.8]
[pos_bagging_fraction: 1]
[neg_bagging_fraction: 1]
[bagging_freq: 1]
[bagging_seed: 17422]
[bagging_by_query: 0]
[feature_fraction: 0.9]
[feature_fraction_bynode: 1]
[feature_fraction_seed: 7040]
[extra_trees: 0]
[extra_seed: 6516]
[early_stopping_round: 0]
[early_stopping_min_delta: 0]
[first_metric_only: 0]
[max_delta_step: 0]
[lambda_l1: 0]
[lambda_l2: 1]
[linear_lambda: 0]
[min_gain_to_split: 0]
[drop_rate: 0.1]
[max_drop: 50]
[skip_drop: 0.5]
[xgboost_dart_mode: 0]
[uniform_drop: 0]
[drop_seed: 15215]
[top_rate: 0.2]
[other_rate: 0.1]
[min_data_per_group: 100]
[max_cat_threshold: 32]
[cat_l2: 10]
[cat_smooth: 10]
[max_cat_to_onehot: 4]
[top_k: 20]
[monotone_constraints: ]
[monotone_constraints_method: basic]
[monotone_penalty: 0]
[feature_contri: ]
[forcedsplits_filename: ]
[refit_decay_rate: 0.9]
[cegb_tradeoff: 1]
[cegb_penalty_split: 0]
[cegb_penalty_feature_lazy: ]
[cegb_penalty_feature_coupled: ]
[path_smooth: 0]
[interaction_constraints: ]
[verbosity: -1]
[saved_feature_importance_type: 0]
[use_quantized_grad: 0]
[num_grad_quant_bins: 4]
[quant_train_renew_leaf: 0]
[stochastic_rounding: 1]
[linear_tree: 0]
[max_bin: 255]
[max_bin_by_feature: ]
[min_data_in_bin: 3]
[bin_construct_sample_cnt: 200000]
[data_random_seed: 61]
[is_enable_sparse: 1]
[enable_bundle: 1]
[use_missing: 1]
[zero_as_missing: 0]
[feature_pre_filter: 1]
[pre_partition: 0]
[two_round: 0]
[header: 0]
[label_column: ]
[weight_column: ]
[group_column: ]
[ignore_column: ]
[categorical_feature: ]
[forcedbins_filename: ]
[precise_float_parser: 0]
[parser_config_file: ]
[objective_seed: 15521]
[num_class: 1]
[is_unbalance: 0]
[scale_pos_weight: 1]
[sigmoid: 1]
[boost_from_average: 1]
[reg_sqrt: 0]
[alpha: 0.9]
[fair_c: 1]
[poisson_max_delta_step: 0.7]
[tweedie_variance_power: 1.5]
[lambdarank_truncation_level: 30]
[lambdarank_norm: 1]
[label_gain: ]
[lambdarank_position_bias_regularization: 0]
[eval_at: ]
[multi_error_top_k: 1]
[auc_mu_weights: ]
[num_machines: 1]
[local_listen_port: 12400]
[time_out: 120]
[machine_list_filename: ]
[machines: ]
[gpu_platform_id: -1]
[gpu_device_id: -1]
[gpu_device_id_list: ]
[gpu_use_dp: 0]
[num_gpu: 1]

end of parameters

pandas_categorical:null
